1 447 567 413 597 425 616 450 622 465 608 
1 502 576 477 603 483 623 505 628 517 616 
1 548 594 523 610 531 631 555 636 571 620 
1 435 465 463 441 452 424 428 422 417 433 
1 503 471 554 426 534 391 503 385 475 411 
1 623 510 663 491 658 460 638 452 614 466 
1 662 332 691 367 718 350 721 330 704 310 
1 657 191 696 190 700 170 687 151 668 154 
1 609 156 656 144 658 119 636 99 613 106 
1 553 121 592 94 581 65 559 59 533 80 
1 488 115 532 70 513 53 486 48 463 59 
1 481 154 480 121 460 111 448 120 448 143 
