1 159 112 115 84 90 105 91 122 115 139 
1 158 225 92 172 42 201 37 234 84 267 
1 165 333 95 286 44 317 43 354 92 380 
1 121 474 113 418 83 414 67 427 69 463 
1 103 520 54 485 25 503 23 523 48 544 
1 97 573 39 573 21 604 31 624 63 623 
1 281 565 235 598 240 637 260 645 285 620 
1 360 581 363 641 400 660 418 649 411 611 
1 340 517 401 512 427 543 416 563 374 563 
1 292 468 341 433 379 449 379 469 345 489 
1 324 349 383 350 403 385 394 402 352 400 
1 337 243 373 197 412 202 419 220 395 248 
1 322 141 369 115 405 131 404 152 370 169 
1 344 43 398 35 425 62 418 82 379 85 
1 821 120 776 91 753 110 753 131 777 147 
1 809 197 762 168 737 185 737 205 762 224 
1 802 273 753 245 726 263 726 284 754 300 
1 744 378 729 323 699 316 683 330 687 363 
1 784 425 736 398 710 414 710 438 737 452 
1 767 552 713 542 695 569 702 588 734 599 
1 763 627 706 636 698 671 712 687 746 684 
1 847 634 789 639 781 671 794 691 824 687 
1 1082 620 1028 643 1031 683 1050 695 1078 678 
1 1016 526 1075 520 1096 553 1088 573 1048 574 
1 1005 480 1038 432 1079 436 1086 454 1063 483 
1 951 398 998 352 1041 365 1047 389 1012 415 
1 1015 252 1070 263 1085 299 1073 313 1034 304 
1 993 172 1061 165 1087 198 1077 217 1034 221 
1 955 124 998 94 1034 111 1035 132 1002 149 
1 990 32 1045 22 1073 47 1067 69 1028 74 
1 1153 222 1123 277 1150 310 1173 309 1184 275 
