1 197 73 150 36 122 61 124 85 152 109 
1 197 165 137 125 112 154 114 179 140 203 
1 195 258 135 217 111 249 112 272 140 296 
1 194 349 151 323 126 339 126 362 151 378 
1 197 440 145 406 117 432 120 457 147 481 
1 196 534 138 496 112 524 113 549 141 574 
1 198 627 139 586 112 613 112 641 140 664 
1 305 629 362 590 389 618 390 644 362 667 
1 303 527 360 488 389 513 389 544 361 565 
1 301 419 359 378 388 404 387 431 360 456 
1 304 306 355 269 383 293 383 321 355 344 
1 305 175 356 136 384 161 383 190 355 212 
1 306 51 365 9 392 38 392 66 363 88 
1 630 54 580 16 555 41 555 66 581 91 
1 632 164 579 127 552 151 554 180 583 201 
1 633 296 582 261 555 284 556 311 583 336 
1 555 432 505 394 477 419 477 444 505 470 
1 632 535 582 497 555 521 555 546 582 570 
1 631 624 582 588 555 612 555 639 582 663 
1 755 161 786 137 808 153 809 169 786 183 
