1 113 343 63 279 103 248 136 250 166 287 
1 49 72 117 72 135 112 119 136 75 136 
1 207 339 181 302 201 282 222 283 239 304 
1 299 355 251 288 289 259 325 260 354 298 
1 419 300 420 253 391 246 371 262 375 292 
1 493 230 489 146 441 146 415 166 411 214 
1 569 171 620 109 585 72 552 72 517 106 
1 660 168 690 124 675 98 652 96 630 120 
1 733 165 767 130 752 107 723 106 707 127 
1 822 190 865 133 842 97 813 95 786 130 
1 909 172 941 134 929 105 903 104 883 131 
1 985 182 1019 140 1003 113 979 111 958 137 
1 917 328 892 360 905 382 927 383 940 362 
1 854 323 827 358 840 383 860 384 875 362 
1 789 322 763 357 777 382 795 382 811 358 
1 724 323 700 352 711 378 733 378 746 354 
1 103 496 61 550 84 583 115 584 140 552 
1 199 482 155 536 179 571 209 573 234 541 
1 294 486 250 540 273 575 305 576 329 545 
1 414 568 379 564 365 587 374 601 403 602 
1 711 569 736 554 720 533 707 533 690 551 
1 838 573 863 560 847 540 833 539 817 557 
