1 126 122 113 66 73 64 56 86 67 126 
1 123 261 85 223 57 246 57 272 83 295 
1 119 433 82 393 56 419 55 443 82 468 
1 132 519 86 478 53 504 55 532 88 555 
1 289 179 330 152 365 167 365 185 329 201 
1 290 366 325 343 354 359 353 372 325 387 
1 277 434 327 409 362 425 361 443 326 459 
1 325 545 314 511 352 503 365 513 364 546 
1 416 233 390 283 412 313 431 312 440 282 
1 505 167 479 118 492 89 510 89 530 119 
1 642 319 592 292 556 309 556 326 591 341 
1 638 383 603 361 573 377 573 393 603 406 
1 652 446 618 424 589 440 591 457 619 470 
1 808 207 853 169 879 191 878 222 854 242 
1 816 328 850 304 868 322 868 333 850 349 
1 808 392 840 370 858 387 858 400 840 415 
1 839 552 847 511 871 505 882 512 882 541 
1 943 554 921 519 934 495 947 496 970 518 
