1 119 226 95 200 115 184 139 184 152 200 
1 214 229 195 205 212 189 231 189 243 207 
1 287 228 265 203 283 188 306 187 320 203 
1 410 225 414 192 439 189 456 201 453 222 
1 595 231 567 205 584 190 608 190 622 208 
1 668 231 639 207 653 190 674 190 691 207 
1 792 224 778 192 803 188 821 196 829 216 
1 116 354 65 372 65 396 86 407 116 394 
1 259 351 220 382 234 402 259 403 283 384 
1 614 382 566 406 574 434 598 443 625 426 
1 675 364 658 401 672 421 685 419 697 397 
1 757 357 742 392 756 411 770 412 784 389 
1 945 355 927 384 942 407 967 407 979 385 
