1 83 236 69 194 41 196 27 211 36 240 
1 147 162 88 168 82 135 97 115 133 111 
1 186 102 132 83 141 51 161 41 191 47 
1 241 98 217 69 233 49 252 48 265 65 
1 326 97 291 56 315 31 338 31 360 54 
1 410 88 382 52 399 31 419 30 435 50 
1 108 291 48 313 53 348 74 362 107 352 
1 179 330 119 360 134 394 156 404 190 385 
1 230 211 224 270 256 281 278 269 286 233 
1 353 175 322 215 343 238 362 237 379 215 
1 438 164 409 206 427 229 449 228 466 202 
1 523 159 482 216 511 246 536 244 560 213 
1 607 169 579 211 600 232 621 230 639 207 
1 695 152 656 209 683 235 709 234 734 207 
1 886 189 866 220 882 242 894 241 908 220 
1 397 450 355 393 382 360 411 359 433 390 
1 492 446 453 392 477 359 503 359 527 389 
1 589 446 548 389 575 358 600 358 623 389 
1 686 446 643 389 672 363 698 363 721 389 
1 920 424 887 384 905 361 925 360 943 382 
1 429 511 386 570 410 605 434 606 464 573 
1 525 513 487 563 514 594 536 593 560 561 
1 622 508 581 571 610 606 636 605 659 568 
1 719 505 680 569 708 603 734 600 758 565 
1 816 505 779 567 806 602 831 600 855 565 
