1 176 86 129 52 87 76 88 99 128 122 
1 253 72 279 33 309 58 309 84 279 107 
1 159 267 111 231 68 254 70 280 109 304 
1 156 357 108 322 65 346 67 372 108 393 
1 251 168 292 131 325 156 324 180 290 202 
1 248 263 296 225 337 250 337 274 297 298 
1 246 357 276 321 305 345 305 369 277 393 
1 250 456 296 419 336 443 336 469 297 491 
1 250 548 296 514 335 537 335 564 296 586 
1 487 456 527 420 561 444 559 467 526 489 
1 485 552 526 518 559 540 559 565 526 587 
1 722 60 746 21 776 45 776 70 748 92 
1 718 155 758 119 792 142 792 167 759 193 
1 717 347 757 311 792 335 792 360 758 383 
1 718 456 756 421 792 444 791 467 756 491 
1 946 155 987 121 1022 144 1021 167 987 191 
1 946 250 987 216 1020 239 1021 263 987 285 
1 944 346 985 310 1020 333 1020 358 986 380 
1 942 552 984 516 1017 540 1016 565 983 587 
