1 106 285 84 326 109 347 130 342 141 312 
1 193 281 159 321 180 353 195 353 213 326 
1 260 267 235 316 261 342 277 338 291 310 
1 337 269 310 319 335 346 351 345 367 316 
1 470 258 469 313 505 327 518 319 518 285 
1 511 203 525 259 562 262 580 243 568 205 
1 623 83 641 135 680 134 691 122 678 88 
1 651 34 704 10 732 36 725 63 689 79 
1 696 299 756 300 775 332 764 349 727 350 
1 767 231 763 287 799 305 813 297 815 261 
1 1053 402 1023 442 1044 469 1068 469 1087 443 
1 72 584 60 538 86 523 106 532 113 561 
1 233 609 204 570 228 548 248 551 265 575 
1 365 624 378 593 403 590 410 600 400 620 
