1 146 164 79 129 81 80 109 65 150 86 
1 283 145 260 86 296 61 322 70 334 108 
1 155 291 109 253 78 276 78 306 110 326 
1 184 492 120 451 82 479 84 513 124 535 
1 338 221 384 181 419 204 421 231 387 259 
1 325 313 381 270 424 292 425 319 385 347 
1 341 400 385 359 417 382 418 412 388 436 
1 704 159 687 101 651 105 636 129 645 164 
1 354 582 398 539 430 563 431 593 403 616 
1 705 215 662 176 633 200 636 231 662 255 
1 743 388 687 338 643 360 641 392 677 424 
1 797 117 780 58 818 36 844 45 850 87 
1 852 278 910 237 952 258 954 288 913 314 
1 862 455 918 411 961 433 963 459 922 485 
