1 59 210 37 174 54 149 70 148 85 169 
1 196 205 175 169 190 145 207 144 222 166 
1 270 210 235 165 261 137 284 137 307 161 
1 357 193 332 164 348 148 369 148 383 165 
1 554 185 526 147 543 122 563 121 581 146 
1 802 181 769 144 785 119 804 118 823 142 
1 1060 158 1030 125 1043 102 1057 101 1076 121 
1 1019 40 1052 16 1077 27 1079 44 1060 58 
1 74 307 40 351 57 375 74 375 91 348 
1 292 288 258 332 278 359 300 358 318 331 
1 375 288 346 329 363 354 381 352 398 328 
1 576 272 546 314 565 340 590 340 607 312 
1 666 266 637 310 660 335 680 334 698 304 
1 766 337 738 374 753 397 775 397 792 373 
1 1019 253 996 295 1020 322 1036 322 1054 293 
1 1087 245 1077 296 1108 322 1130 316 1133 282 
1 960 373 901 375 890 406 904 427 940 425 
