1 233 185 181 148 198 118 221 109 251 121 
1 526 17 469 55 483 84 505 92 538 77 
1 615 179 569 130 538 149 533 172 550 200 
1 516 308 460 270 476 236 499 228 532 243 
1 461 296 451 314 466 323 478 319 481 302 
1 853 373 793 357 779 391 788 411 824 424 
1 958 367 898 327 911 294 934 285 969 300 
1 64 575 107 518 142 530 148 559 128 592 
1 311 409 254 398 237 424 246 445 271 453 
1 331 489 286 475 265 502 272 521 303 528 
1 364 567 300 551 277 585 286 611 326 621 
1 955 629 971 609 947 594 934 600 930 627 
