1 119 178 138 266 183 266 209 243 207 197 
1 207 80 224 168 271 170 292 149 293 103 
1 310 28 400 26 407 71 390 99 345 107 
1 190 446 153 408 169 380 192 375 214 399 
1 292 432 241 381 264 344 299 339 330 370 
1 401 400 349 346 374 306 401 302 436 332 
1 510 370 457 314 485 278 509 275 544 304 
1 621 354 569 301 594 263 621 259 657 287 
1 745 344 693 289 717 251 750 246 785 273 
1 189 556 162 608 188 637 214 634 231 598 
1 374 529 350 577 373 603 392 599 407 570 
1 488 542 453 610 486 639 512 636 539 598 
1 607 532 569 613 607 641 638 637 666 599 
1 739 495 700 577 740 611 767 607 794 563 
1 855 487 819 546 855 573 880 570 906 534 
1 968 464 941 537 969 556 995 553 1015 527 
