1 207 369 174 336 147 352 144 367 163 385 
1 296 386 259 353 233 369 230 385 250 402 
1 624 430 601 458 611 478 625 478 640 462 
1 687 441 667 462 673 482 685 486 699 467 
1 152 500 109 464 79 479 78 505 104 524 
1 242 517 203 481 172 494 167 517 192 538 
1 415 550 379 513 346 528 344 547 367 570 
1 91 595 51 559 25 575 23 594 45 609 
1 398 628 363 669 375 700 392 704 413 678 
1 473 639 439 681 451 712 468 715 486 689 
1 556 656 529 686 540 710 556 712 573 691 
1 895 609 862 573 836 586 832 604 848 622 
