1 113 412 155 396 159 366 145 355 123 367 
1 251 452 280 418 263 388 244 388 227 415 
1 304 483 337 441 326 410 301 407 284 434 
1 391 470 398 418 375 398 352 405 349 441 
1 477 409 508 373 498 343 474 340 459 365 
1 628 384 637 338 614 318 594 325 591 355 
1 716 380 751 347 743 316 722 309 704 333 
1 808 373 820 329 798 306 776 311 773 345 
1 806 521 792 565 810 586 832 583 838 558 
1 866 511 850 556 868 575 891 571 898 546 
1 911 509 914 560 938 569 958 555 954 531 
1 900 376 923 416 951 409 959 384 941 368 
1 890 311 936 302 942 268 927 255 898 267 
1 528 588 486 610 487 638 505 648 530 635 
1 555 545 538 582 555 601 577 597 585 573 
1 189 251 153 275 159 298 176 305 196 293 
1 223 259 208 299 230 313 248 308 255 285 
1 251 244 263 287 294 283 303 264 291 242 
1 463 198 421 182 397 198 402 223 428 234 
1 279 162 280 205 303 213 324 202 319 180 
1 285 120 300 163 326 161 338 145 327 127 
1 536 42 518 80 534 96 555 91 563 71 
1 594 37 574 81 594 102 617 97 627 73 
1 709 31 691 65 709 84 731 81 738 57 
1 764 37 744 70 762 88 780 84 791 66 
1 808 28 801 67 824 77 841 66 841 45 
1 1236 428 1255 384 1237 359 1214 359 1202 391 
