1 448 571 414 599 426 617 450 622 463 609 
1 503 579 475 603 484 625 506 628 517 612 
1 549 592 522 608 529 631 556 635 572 622 
1 435 466 462 440 450 423 430 421 416 435 
1 503 470 553 423 533 391 505 387 476 407 
1 624 511 662 489 656 458 638 451 614 468 
1 661 331 692 366 718 349 722 328 704 310 
1 655 191 696 190 700 167 688 151 666 153 
1 607 155 657 145 656 119 636 102 613 109 
1 554 120 591 95 581 64 559 59 535 80 
1 481 157 480 120 461 112 446 121 449 146 
1 489 113 532 71 514 51 485 47 461 59 
