1 87 499 75 558 112 574 134 560 140 520 
1 214 571 211 632 239 645 265 628 263 596 
1 274 535 273 597 301 609 324 593 324 561 
1 343 504 337 545 356 549 375 537 380 515 
1 305 472 297 522 325 530 343 519 346 487 
1 224 498 215 560 241 561 269 545 282 514 
1 168 445 163 484 180 488 199 477 204 458 
1 238 415 215 497 262 505 299 485 307 440 
1 295 373 286 420 313 429 332 419 336 388 
1 364 432 356 480 385 486 404 473 409 444 
1 365 315 359 384 395 387 421 373 427 335 
1 413 275 409 316 434 324 453 313 455 285 
1 439 382 435 424 459 433 481 421 479 393 
1 462 335 458 383 487 390 502 379 506 349 
1 505 402 495 445 523 452 542 440 547 411 
1 530 199 531 357 621 374 675 340 683 251 
1 697 95 695 235 779 253 833 219 834 138 
