1 226 537 238 482 193 478 170 500 173 543 
1 309 465 302 401 259 390 237 413 245 459 
1 468 318 463 253 420 242 395 265 402 312 
1 558 235 555 170 511 158 486 183 494 229 
1 734 424 732 360 687 349 661 370 671 419 
1 812 351 810 287 766 274 742 299 748 344 
1 913 624 906 552 858 534 835 559 843 609 
1 992 551 986 480 937 462 915 486 924 537 
1 133 274 131 211 86 200 60 221 68 267 
1 211 202 209 138 163 126 137 146 146 196 
1 293 132 288 65 240 54 217 76 226 123 
1 1152 436 1160 381 1120 377 1096 398 1097 441 
