1 89 132 34 169 52 208 81 218 114 194 
1 216 160 155 210 170 251 203 261 240 236 
1 438 235 377 284 397 319 430 328 464 309 
1 539 264 484 304 502 342 529 350 564 327 
1 765 336 706 377 723 413 755 424 789 404 
1 872 365 808 412 828 454 858 465 895 441 
1 972 398 908 444 927 488 958 497 995 473 
1 1041 417 1031 483 1068 497 1097 485 1103 444 
1 1047 351 1093 416 1137 398 1148 371 1126 330 
1 1018 288 1093 311 1121 274 1110 243 1068 227 
1 999 189 1076 165 1075 119 1051 100 1005 111 
1 583 164 631 129 619 98 593 91 564 110 
