1 264 539 324 514 322 477 294 460 260 476 
1 763 447 880 445 895 390 867 349 805 341 
1 926 319 877 322 871 351 887 372 918 368 
1 847 349 949 299 936 242 895 218 840 238 
1 759 359 861 309 849 251 805 227 751 248 
1 743 254 702 277 709 306 733 318 759 297 
1 710 225 676 249 692 264 707 268 720 261 
1 724 266 824 218 812 164 770 143 714 158 
1 774 142 772 122 758 126 750 139 754 149 
1 791 171 826 154 825 127 803 117 780 129 
1 775 127 822 112 816 86 794 73 768 82 
1 835 144 919 102 904 70 864 50 827 53 
1 827 237 926 188 913 134 873 113 818 130 
1 915 226 1016 184 1002 130 962 105 906 117 
