1 468 536 442 580 462 603 492 601 508 576 
1 522 514 510 558 536 570 561 558 568 534 
1 588 481 574 525 601 536 625 526 628 499 
1 765 400 726 427 736 451 762 460 786 448 
1 816 373 794 411 815 428 841 425 856 402 
1 873 341 863 385 891 397 913 386 921 361 
1 938 304 928 350 953 362 977 351 986 326 
1 864 174 892 137 877 114 850 115 832 138 
1 745 240 761 191 738 168 711 177 703 208 
1 451 369 453 329 435 314 419 323 418 348 
1 392 424 392 364 366 348 349 357 341 391 
1 218 202 280 210 299 178 286 153 247 150 
1 150 86 106 77 90 103 101 126 131 134 
