1 718 511 725 477 704 469 687 477 684 497 
1 503 384 500 422 521 434 540 423 541 397 
1 561 364 559 405 579 414 599 403 599 378 
1 604 327 601 366 621 376 640 366 640 341 
1 698 262 694 302 717 312 736 301 736 278 
1 799 215 799 256 822 264 840 252 839 227 
1 684 134 690 94 666 82 647 94 649 119 
1 591 196 593 156 570 145 551 156 552 181 
1 537 220 541 181 517 172 500 182 502 209 
1 491 254 493 212 473 202 454 212 455 236 
1 556 96 517 93 506 116 517 134 542 131 
1 333 60 327 95 349 103 368 93 367 71 
1 386 28 384 67 409 77 426 66 425 42 
