1 244 551 227 586 247 607 265 601 275 574 
1 304 537 290 571 310 588 325 582 334 561 
1 364 524 349 555 369 572 385 567 395 544 
1 425 498 408 538 429 559 448 554 454 525 
1 485 491 469 525 489 542 505 538 515 512 
1 543 476 529 512 548 524 566 519 578 497 
1 626 456 611 488 630 505 646 501 657 474 
1 723 417 708 459 731 481 748 475 756 445 
1 824 390 810 432 833 452 850 447 858 418 
1 908 376 892 413 915 430 931 425 939 398 
1 969 363 953 399 974 417 993 411 1000 387 
1 1053 535 1009 521 988 542 993 561 1021 574 
1 1089 339 1075 381 1097 403 1117 398 1122 369 
1 1149 321 1135 363 1156 384 1174 379 1182 350 
1 245 319 254 300 241 286 230 290 224 308 
1 208 321 218 307 209 298 198 301 195 313 
1 183 324 193 313 182 301 174 303 169 320 
1 106 575 91 569 82 576 83 583 94 588 
1 108 603 96 596 87 601 88 609 98 614 
1 324 278 338 245 320 225 305 228 300 255 
1 447 248 459 214 442 191 426 195 421 222 
1 627 154 636 126 621 108 608 111 603 134 
1 903 128 922 98 902 81 883 86 873 108 
1 963 112 982 79 962 63 944 67 932 88 
1 1025 97 1043 66 1022 50 1005 54 995 77 
1 1086 86 1104 51 1085 35 1066 39 1058 63 
