1 167 215 208 174 197 141 179 139 157 161 
1 241 232 280 193 269 163 252 158 230 182 
1 311 254 365 206 347 165 325 158 297 188 
1 432 229 426 175 393 157 379 172 382 202 
1 657 68 610 102 623 141 648 148 680 120 
1 709 168 759 121 748 80 723 74 696 104 
1 776 90 731 137 738 177 764 187 796 156 
1 835 125 804 180 827 219 856 220 876 176 
1 895 200 930 162 920 130 901 126 883 152 
1 936 168 900 204 903 237 917 243 946 218 
1 979 190 944 209 954 243 970 249 1000 226 
1 1032 523 1015 472 981 459 968 473 981 507 
1 987 576 968 521 932 515 921 528 931 563 
