1 246 319 253 300 241 287 232 289 227 306 
1 209 320 218 308 208 300 200 302 196 314 
1 183 323 192 314 181 302 173 305 170 319 
1 325 277 336 246 320 225 307 228 300 254 
1 449 246 459 213 442 192 428 196 422 222 
1 627 156 635 127 622 108 610 112 604 134 
1 904 128 920 97 900 82 884 86 875 109 
1 963 110 981 78 961 64 946 68 936 90 
1 1026 97 1042 66 1022 51 1006 54 997 77 
1 1086 83 1103 51 1083 35 1067 39 1057 63 
1 106 575 91 570 82 576 84 582 96 589 
1 108 601 96 597 88 602 90 608 99 614 
1 246 552 228 588 249 605 265 600 274 574 
1 305 541 288 573 309 587 326 582 335 559 
1 365 524 348 556 368 570 385 565 395 542 
1 423 499 408 537 429 558 446 554 454 525 
1 486 491 468 525 490 543 507 538 516 513 
1 545 478 529 510 551 525 566 520 575 497 
1 626 454 610 487 631 507 649 501 656 476 
1 723 417 708 458 731 480 747 475 755 446 
1 825 390 811 430 833 451 850 447 856 419 
1 908 377 892 412 914 429 931 424 938 399 
1 969 365 953 398 974 417 991 412 1000 386 
1 1090 340 1076 380 1098 402 1115 398 1121 367 
1 1149 322 1134 362 1158 382 1175 378 1180 349 
1 1053 538 1009 522 989 542 993 558 1022 571 
