1 298 503 316 564 360 563 373 541 363 503 
1 440 580 480 602 497 584 492 562 472 549 
1 430 515 467 530 492 515 489 499 461 490 
1 557 470 574 525 605 521 621 502 610 472 
1 831 507 831 584 878 593 903 571 905 528 
1 337 367 333 296 298 301 278 318 268 351 
1 464 325 438 303 421 322 424 341 444 354 
1 544 317 568 335 587 321 585 302 562 297 
1 457 259 436 240 417 257 420 271 438 279 
1 451 192 421 167 403 189 406 206 431 221 
1 525 185 561 207 575 187 573 170 554 156 
1 683 194 743 227 780 203 774 171 735 151 
1 861 169 905 200 936 175 933 155 899 138 
1 849 80 906 111 937 84 936 55 900 35 
1 676 105 724 126 742 103 737 82 711 67 
1 550 111 577 134 600 118 598 102 575 90 
1 442 124 408 101 389 123 392 139 414 154 
1 428 58 408 38 384 55 386 71 411 84 
