1 187 539 189 617 238 629 265 603 260 555 
1 303 457 286 533 329 556 361 538 366 489 
1 507 446 422 528 459 584 506 592 552 545 
1 635 477 583 538 609 580 641 582 669 539 
1 735 497 697 566 733 602 770 597 785 551 
1 785 446 806 534 866 539 888 512 871 453 
1 1084 443 1010 461 1011 514 1040 538 1084 519 
1 855 344 897 438 954 421 971 383 954 331 
1 855 252 952 298 995 255 987 214 933 176 
1 708 198 760 146 738 105 704 103 676 137 
1 586 190 641 131 616 84 583 79 547 118 
1 480 212 523 138 488 97 450 104 423 152 
1 348 171 387 110 356 75 325 79 303 121 
