1 298 484 351 483 363 451 350 434 316 434 
1 375 541 415 520 410 491 392 484 368 501 
1 739 530 700 477 662 492 655 517 679 551 
1 780 414 747 360 708 370 699 394 723 426 
1 349 320 339 359 366 375 384 368 385 339 
1 457 312 418 349 431 382 453 388 478 360 
1 505 304 543 325 566 307 562 285 537 275 
1 515 206 540 241 569 237 576 218 556 198 
1 570 143 577 180 605 185 620 171 609 143 
1 824 294 786 246 751 261 744 285 768 315 
1 869 190 828 128 784 143 774 171 798 212 
1 897 75 871 41 844 47 838 63 856 84 
