1 415 119 392 70 360 81 351 100 362 125 
1 343 338 417 358 432 321 416 286 372 275 
1 493 336 430 330 418 369 431 394 465 392 
1 393 462 480 468 516 426 505 407 447 390 
1 435 518 470 524 484 509 479 497 457 492 
1 448 596 516 606 532 576 520 554 482 537 
1 562 567 599 524 582 502 556 502 534 523 
1 642 526 651 555 670 554 678 540 675 521 
1 735 603 778 592 776 573 761 563 738 558 
1 797 581 838 550 828 528 807 525 785 534 
1 683 504 736 514 756 490 746 469 710 457 
1 708 395 644 383 635 424 646 449 680 452 
1 456 105 511 82 504 54 479 43 449 53 
1 519 92 569 100 589 72 582 59 544 48 
1 503 151 551 147 559 127 547 110 519 107 
1 562 142 603 153 618 129 613 116 582 107 
1 577 230 624 238 634 216 620 199 597 188 
1 634 313 676 326 689 300 682 285 654 277 
1 741 295 700 284 691 309 703 330 725 329 
1 776 340 726 337 720 367 731 385 756 382 
1 799 407 758 390 746 415 754 434 774 439 
1 818 457 774 447 762 477 772 497 794 497 
1 702 154 642 136 627 177 635 199 668 208 
1 727 233 679 226 662 259 672 278 704 277 
1 715 277 757 290 767 269 762 249 738 239 
1 754 161 744 119 721 124 707 141 711 159 
1 790 53 774 69 793 83 812 77 815 57 
1 828 106 864 98 863 79 849 72 830 72 
1 870 113 922 123 944 100 934 79 900 67 
1 897 181 949 194 966 170 959 150 925 135 
1 926 280 972 292 981 270 976 254 952 241 
1 955 343 997 353 1006 336 1000 318 976 306 
1 982 434 1044 449 1061 423 1052 398 1013 380 
1 959 569 987 583 999 564 993 548 967 542 
1 975 613 1010 620 1018 602 1010 586 993 585 
