1 507 103 425 92 382 135 393 160 452 166 
1 523 216 443 206 398 247 407 272 469 281 
1 539 333 460 318 415 356 423 384 484 395 
1 545 449 477 431 431 472 438 495 497 508 
1 630 454 561 488 544 541 564 560 621 533 
1 898 55 820 43 782 87 790 113 849 115 
1 952 152 872 143 831 182 842 210 902 216 
1 969 268 890 256 848 297 857 320 917 327 
1 984 378 903 371 862 409 870 434 931 442 
1 1051 394 977 431 967 487 987 503 1046 476 
1 1084 374 1087 455 1125 482 1150 469 1151 414 
1 1089 217 1151 268 1192 249 1196 222 1162 191 
1 1081 104 1137 153 1178 133 1180 108 1149 72 
