1 202 318 127 323 130 366 150 387 189 393 
1 401 354 354 404 374 438 399 442 428 412 
1 508 375 452 426 478 458 514 463 545 438 
1 617 393 559 443 587 476 624 482 657 457 
1 839 428 782 478 809 514 846 519 878 495 
1 980 452 921 502 950 535 985 543 1019 518 
1 1074 460 1076 529 1118 542 1139 528 1138 485 
1 1018 275 1072 225 1044 194 1020 190 992 217 
1 908 259 953 211 933 176 907 174 880 202 
1 773 237 830 187 803 155 768 149 734 172 
1 660 217 718 169 693 138 658 135 625 156 
1 445 184 493 138 469 100 446 98 416 125 
