1 153 477 140 545 186 569 216 553 222 505 
1 382 367 333 419 359 459 395 462 421 423 
1 491 358 442 406 472 441 502 443 532 408 
1 707 385 661 437 687 479 718 479 747 442 
1 815 379 767 442 793 491 825 492 857 445 
1 982 409 932 474 960 522 989 522 1020 472 
1 1151 423 1101 472 1126 513 1159 517 1187 476 
1 971 238 1011 202 998 160 970 161 940 197 
1 823 211 867 163 846 129 811 127 787 162 
1 679 201 724 156 702 117 671 115 648 152 
1 451 192 503 143 477 108 444 108 416 139 
1 338 209 390 154 362 113 333 111 303 150 
1 206 182 259 129 230 89 199 87 166 125 
