1 238 354 265 316 247 291 224 295 206 316 
1 86 556 75 572 82 580 89 580 96 572 
1 135 554 123 573 127 584 139 584 149 573 
1 206 773 228 788 252 775 249 763 228 748 
1 372 759 395 782 416 766 416 753 396 737 
1 487 748 535 784 565 756 559 735 533 711 
1 907 724 936 744 954 727 951 711 930 701 
1 938 452 923 470 935 485 946 483 960 468 
1 1213 429 1180 485 1209 516 1237 515 1259 479 
1 1317 421 1289 479 1316 506 1342 504 1367 477 
1 1117 251 1107 271 1116 279 1128 278 1137 269 
1 1170 250 1160 270 1169 280 1184 278 1192 269 
1 1225 247 1212 268 1223 279 1235 278 1246 266 
1 1276 241 1265 266 1275 276 1293 275 1300 263 
