1 56 326 42 349 49 359 64 358 71 347 
1 193 299 173 329 186 349 197 348 214 327 
1 252 295 234 320 247 337 260 336 274 316 
1 311 291 295 316 308 333 323 333 335 312 
1 69 503 32 567 55 590 86 591 109 563 
1 314 492 280 542 303 573 327 571 358 540 
1 759 402 695 411 688 450 703 471 744 468 
1 899 377 913 435 951 436 969 417 964 379 
1 760 268 708 234 684 260 685 284 713 306 
1 1015 223 986 270 1012 294 1040 290 1058 265 
1 1101 221 1078 268 1105 294 1127 294 1146 262 
1 1203 222 1168 280 1205 305 1238 303 1264 275 
1 727 99 671 71 647 95 647 121 675 141 
