1 193 286 186 251 164 250 152 263 157 284 
1 341 391 365 412 384 399 382 382 367 370 
1 342 460 367 479 388 464 386 449 367 440 
1 346 529 377 547 400 533 399 517 377 507 
1 365 599 394 618 416 606 415 588 394 575 
1 300 731 282 761 291 782 310 782 323 760 
1 245 730 217 746 219 770 231 777 256 764 
1 90 545 55 597 79 625 101 623 132 594 
1 705 553 693 589 708 609 722 608 732 583 
1 804 404 780 387 762 400 763 415 782 426 
1 805 151 754 121 727 147 730 167 761 188 
1 800 67 753 35 731 60 732 78 762 102 
