1 42 210 19 241 32 260 52 259 69 239 
1 171 202 145 235 162 254 180 254 197 233 
1 208 156 201 195 221 212 233 209 245 181 
1 464 183 441 214 455 231 471 232 486 212 
1 99 908 126 868 109 841 90 841 74 870 
1 250 819 310 859 340 826 342 797 313 769 
1 330 632 355 598 342 577 318 577 305 601 
1 409 626 434 590 419 568 396 568 384 593 
1 686 788 720 812 745 792 738 775 716 759 
1 1004 465 1025 429 1007 404 988 405 976 430 
1 1067 455 1087 426 1070 403 1051 404 1038 426 
1 1143 450 1168 419 1148 403 1127 407 1117 421 
1 957 101 945 140 964 159 978 157 992 134 
1 1067 98 1069 137 1091 147 1109 137 1109 114 
1 1314 104 1297 138 1313 161 1329 160 1342 135 
