1 120 118 132 116 132 105 123 103 111 111 
1 101 342 115 334 110 317 99 318 85 334 
1 245 182 234 262 281 286 320 256 321 201 
1 204 278 200 392 247 395 290 367 303 325 
1 162 410 137 490 180 521 216 506 229 456 
1 286 399 271 546 343 560 390 537 417 461 
1 382 147 358 222 399 252 434 242 445 195 
1 491 179 494 286 540 295 579 268 592 225 
1 519 308 542 417 589 416 627 378 626 337 
1 621 251 617 309 649 329 675 316 677 277 
1 750 245 745 297 775 314 805 300 801 268 
1 746 316 740 369 773 390 798 372 795 332 
1 687 429 693 514 742 533 776 507 768 453 
1 626 567 623 636 670 648 689 630 693 585 
1 896 299 914 362 949 371 966 353 963 316 
1 892 361 899 426 935 441 954 420 956 386 
1 871 426 884 497 924 507 947 484 938 447 
1 849 490 866 559 903 569 922 552 917 513 
1 833 551 845 620 884 632 907 609 895 572 
1 1003 307 1036 430 1094 431 1119 404 1125 349 
1 999 438 1015 501 1053 512 1073 496 1064 460 
1 967 510 982 572 1018 582 1038 568 1031 532 
1 929 616 922 723 984 747 1026 723 1032 660 
1 1125 653 1079 599 1037 605 1028 630 1055 668 
1 1082 510 1097 577 1136 579 1158 553 1157 516 
