1 150 619 114 582 84 593 78 615 103 644 
1 149 693 114 661 80 666 78 682 101 715 
1 130 928 155 939 173 921 170 909 145 905 
1 157 853 167 884 188 891 196 881 191 861 
1 216 820 207 853 217 869 234 867 242 851 
1 326 799 308 830 318 845 333 844 343 828 
1 525 731 507 784 529 810 552 805 556 771 
1 602 725 579 769 602 792 622 786 634 760 
1 674 710 652 752 673 778 696 772 710 742 
1 386 673 415 632 395 606 375 608 357 638 
1 280 461 307 503 347 503 353 484 333 456 
1 344 298 367 345 406 336 410 323 392 300 
1 402 208 465 273 508 243 513 208 476 169 
1 377 155 423 163 439 131 424 106 396 108 
1 650 558 640 484 599 472 575 495 580 544 
1 750 334 731 279 698 268 682 283 694 320 
1 994 667 1012 610 992 577 970 583 960 617 
1 1066 116 1052 164 1069 186 1097 180 1107 153 
