1 250 62 183 36 147 71 148 96 196 125 
1 258 210 203 148 160 167 153 205 189 239 
1 249 415 137 322 77 381 69 440 126 506 
1 541 728 610 772 643 729 635 698 597 666 
1 524 579 597 618 637 577 627 542 580 519 
1 491 383 564 423 604 388 594 343 550 325 
1 466 227 541 262 588 232 578 190 526 171 
1 450 89 517 127 559 91 546 55 503 35 
1 1230 880 1144 836 1107 871 1117 922 1174 932 
1 1196 750 1123 711 1091 744 1098 782 1137 811 
1 1147 633 1095 597 1062 615 1062 636 1091 669 
1 1123 331 1038 289 994 330 998 370 1060 401 
