1 298 502 247 528 254 558 279 570 308 557 
1 328 143 276 123 258 155 259 171 294 185 
1 691 282 625 311 640 348 664 362 700 344 
1 887 361 824 391 839 430 865 441 907 426 
1 997 223 1006 185 978 164 964 173 959 203 
1 1091 552 1050 582 1057 617 1081 623 1109 601 
1 443 575 392 602 400 634 417 643 445 631 
1 521 622 481 640 481 672 501 680 528 666 
1 565 521 602 507 600 476 581 466 560 484 
1 632 569 687 539 680 501 654 489 625 511 
1 858 650 878 641 878 619 867 613 850 628 
1 891 653 922 649 920 628 910 619 899 622 
