1 850 76 854 99 869 99 874 93 874 80 
1 559 84 593 89 599 64 591 52 569 45 
1 488 112 474 62 448 66 437 77 439 105 
1 534 98 500 116 509 137 522 144 546 138 
1 614 117 571 91 553 110 552 125 573 147 
1 569 219 564 199 547 196 541 207 546 222 
1 539 258 545 237 532 229 522 233 519 248 
1 488 138 464 171 484 183 502 181 516 165 
1 434 184 418 138 392 137 379 153 387 178 
1 370 266 379 308 399 303 408 294 408 272 
1 414 305 423 342 444 342 453 332 453 308 
1 455 338 466 378 486 375 495 364 494 343 
1 499 374 508 413 529 407 536 400 537 373 
1 542 413 551 449 571 447 581 435 579 414 
1 586 451 593 486 615 479 622 471 624 450 
1 665 514 655 475 634 478 627 488 623 510 
1 708 551 700 512 677 514 666 525 669 545 
1 751 588 746 549 721 551 714 561 711 586 
1 838 658 831 619 810 627 801 636 802 658 
1 882 697 873 655 850 655 840 671 842 692 
1 440 842 477 827 468 803 454 796 432 799 
1 497 826 505 864 527 865 536 853 538 831 
1 797 841 805 827 800 814 788 814 784 824 
1 833 835 845 814 833 797 823 800 814 815 
