1 132 595 116 582 107 596 107 609 120 613 
1 151 644 141 636 132 644 135 654 143 658 
1 66 607 51 596 41 605 41 615 54 621 
1 455 501 420 575 449 606 488 601 504 559 
1 860 626 870 614 865 599 852 598 845 615 
1 900 627 921 606 903 589 888 590 881 611 
1 955 616 969 602 958 588 945 587 939 605 
1 997 627 1015 616 1002 593 990 593 980 613 
1 861 539 880 520 859 503 851 505 842 528 
1 948 528 964 510 949 500 938 501 930 516 
1 1077 558 1048 592 1070 618 1088 619 1109 594 
1 976 463 991 449 980 428 968 430 957 447 
