1 189 490 166 467 147 464 140 478 157 490 
1 48 184 43 143 26 146 10 156 7 176 
1 213 115 248 78 230 45 205 45 180 68 
1 323 220 289 211 284 235 292 246 314 253 
1 391 294 360 302 353 325 361 335 385 331 
1 503 475 486 448 468 453 465 464 478 480 
1 724 570 703 597 712 622 734 623 743 601 
1 912 583 897 606 912 623 926 622 930 599 
1 982 666 962 658 953 675 957 684 974 687 
1 967 483 995 496 1013 481 1006 465 984 456 
1 1000 314 981 308 965 322 972 337 993 335 
1 1043 296 1019 303 1023 322 1041 326 1054 316 
