1 97 755 54 737 34 759 38 782 61 792 
1 141 618 98 597 82 622 87 639 104 654 
1 153 453 107 432 85 459 90 484 116 499 
1 158 380 111 353 87 375 86 401 111 417 
1 245 645 245 679 265 687 279 676 280 654 
1 224 538 246 567 268 561 272 549 259 529 
1 228 470 244 495 269 492 272 480 261 463 
1 223 421 252 437 272 425 269 414 255 405 
1 224 366 254 385 273 371 272 359 252 349 
1 416 412 378 392 356 411 356 427 382 435 
1 497 596 532 607 547 593 545 573 522 564 
1 499 533 525 541 541 531 538 520 519 515 
1 581 463 572 470 577 480 585 482 590 472 
1 666 513 650 494 633 499 632 508 647 523 
1 678 608 656 614 651 635 663 643 678 634 
1 761 593 771 631 797 635 810 625 799 597 
1 749 433 775 460 790 447 792 437 779 420 
1 750 378 772 399 791 387 793 377 775 359 
1 740 322 767 340 786 327 782 313 766 304 
1 908 303 884 284 871 297 873 311 890 319 
1 917 353 894 334 877 346 878 358 897 375 
1 924 415 894 394 880 407 882 425 900 435 
1 934 483 908 461 891 472 887 485 903 496 
1 947 537 912 518 895 537 898 553 924 562 
1 1034 549 1004 598 1034 625 1056 621 1075 593 
1 1022 477 1037 516 1063 518 1072 507 1060 483 
1 1011 419 1044 437 1062 424 1063 412 1041 397 
1 1002 346 1035 365 1057 353 1052 339 1031 327 
1 1156 275 1130 265 1120 272 1122 284 1134 290 
