1 228 747 203 777 211 801 223 805 240 785 
1 426 481 378 533 396 566 416 569 449 547 
1 579 512 526 560 546 589 574 595 613 570 
1 304 342 327 277 287 264 258 282 249 316 
1 492 322 530 272 507 236 487 241 464 265 
1 358 151 335 153 327 173 337 181 356 178 
1 519 123 500 144 504 164 517 169 535 152 
1 939 420 957 409 952 387 937 382 920 399 
1 1024 462 1057 409 1038 381 1015 377 989 401 
1 1215 498 1266 502 1276 468 1261 454 1231 442 
1 1335 318 1314 357 1335 377 1348 377 1365 358 
1 986 215 948 248 973 275 986 278 1005 256 
1 1057 219 1030 264 1054 286 1069 286 1090 258 
1 1215 263 1194 295 1207 315 1229 315 1244 303 
1 1255 175 1283 185 1294 170 1286 158 1266 155 
1 1157 177 1182 164 1180 144 1162 139 1148 151 
1 1084 165 1108 152 1116 135 1097 126 1087 134 
1 1043 159 1059 144 1053 123 1039 119 1025 137 
1 986 152 1005 129 1001 109 985 106 970 126 
1 1061 2 1036 26 1048 48 1071 53 1081 31 
