1 242 707 264 729 285 721 286 709 269 698 
1 152 429 127 453 132 469 152 475 164 460 
1 56 380 34 398 37 413 54 418 67 406 
1 78 184 65 247 96 260 120 249 135 217 
1 346 270 319 287 329 303 340 307 359 299 
1 320 476 343 461 337 441 323 441 309 452 
1 419 507 469 461 447 428 425 422 395 450 
1 472 302 450 322 456 336 468 340 479 334 
1 498 354 468 357 470 376 474 381 494 385 
1 288 166 294 148 279 137 266 142 261 157 
1 328 125 342 106 337 90 320 91 309 105 
1 405 204 428 192 420 170 410 166 394 178 
1 438 207 464 197 464 176 453 171 437 175 
1 1011 215 1036 189 1026 169 1006 165 995 184 
1 1084 229 1111 203 1099 183 1083 180 1066 195 
1 1143 230 1179 236 1187 211 1176 201 1149 197 
1 1203 242 1253 285 1279 266 1280 248 1257 225 
1 944 287 920 303 929 321 946 327 959 310 
1 995 290 976 311 984 330 1003 331 1010 313 
1 1058 304 1038 323 1047 342 1063 343 1072 328 
1 1127 314 1103 332 1107 354 1118 358 1141 343 
1 1181 313 1160 344 1174 366 1187 366 1204 350 
1 931 456 951 432 943 408 929 406 916 421 
1 990 458 1013 442 1008 419 987 416 975 430 
1 1046 470 1073 458 1066 439 1053 433 1038 444 
1 1203 504 1246 500 1252 479 1240 465 1214 467 
1 1205 583 1208 607 1226 616 1238 608 1234 591 
1 1106 575 1088 582 1088 604 1102 608 1116 594 
1 951 807 924 838 937 870 954 871 969 846 
1 1097 745 1112 727 1103 703 1093 703 1085 717 
1 1160 759 1185 723 1169 706 1150 707 1140 728 
