1 476 304 385 251 342 293 346 332 388 368 
1 585 304 527 320 514 362 534 380 573 368 
1 686 296 655 351 677 386 705 389 730 347 
1 820 300 788 349 807 389 831 387 860 349 
1 915 137 950 103 928 73 900 73 882 103 
1 823 146 861 108 835 75 814 75 788 109 
1 716 150 748 105 728 70 703 72 684 106 
1 591 151 634 113 618 79 596 71 568 95 
1 499 165 528 108 503 76 477 77 455 115 
1 834 480 847 460 826 444 814 451 813 467 
1 734 506 747 525 768 518 767 504 748 491 
1 943 581 964 538 947 517 929 518 911 540 
