1 1297 232 1341 242 1333 213 1330 206 1315 193 
1 1269 186 1302 188 1305 170 1294 160 1276 159 
1 1192 159 1162 163 1159 180 1164 188 1184 192 
1 1232 205 1194 205 1185 221 1194 241 1217 239 
1 1166 347 1165 312 1142 299 1133 305 1133 329 
1 1095 268 1123 268 1128 249 1119 242 1100 242 
1 1064 307 1091 318 1103 308 1100 293 1084 284 
1 1088 391 1088 345 1061 336 1046 349 1046 370 
1 1035 425 1040 395 1025 387 1012 394 1011 405 
1 1028 151 995 151 992 173 1003 182 1022 182 
1 929 274 953 272 951 258 945 250 932 250 
1 804 312 812 290 801 283 788 288 787 302 
1 734 358 695 359 696 375 701 386 721 388 
1 678 433 712 433 716 416 709 403 693 402 
1 711 465 743 462 745 445 732 436 719 434 
1 742 486 758 492 766 477 758 468 742 471 
1 765 517 790 517 792 499 787 493 771 494 
1 797 570 821 532 803 516 788 516 775 536 
1 632 527 660 527 667 508 661 499 642 499 
1 608 495 625 498 630 486 623 475 610 477 
1 582 467 601 467 601 454 597 448 586 448 
1 614 410 619 390 604 388 595 393 595 405 
1 650 305 638 303 636 314 640 320 651 318 
1 634 383 638 372 627 366 620 368 619 384 
1 623 832 637 801 623 780 608 784 595 805 
1 469 718 444 695 429 708 427 719 441 734 
1 428 665 394 672 390 691 402 702 420 701 
1 321 642 297 637 286 649 286 655 305 660 
1 296 657 275 655 272 672 276 679 292 683 
1 323 683 297 685 290 698 297 706 313 708 
1 348 712 324 707 321 725 327 735 340 734 
1 370 741 340 738 334 757 343 766 360 766 
1 326 794 342 786 337 772 326 770 319 779 
1 307 772 321 762 315 744 306 742 297 753 
1 286 745 303 728 292 709 283 708 276 725 
1 260 712 276 695 271 685 263 681 250 688 
1 400 800 395 812 408 818 414 812 413 801 
1 372 824 366 843 384 850 391 847 390 827 
1 347 851 340 862 351 867 357 865 360 853 
1 230 739 220 733 217 744 219 750 231 752 
1 267 791 256 786 253 799 256 802 267 803 
1 283 815 272 807 268 819 271 827 283 826 
1 300 832 286 829 284 841 287 846 299 848 
1 315 855 304 850 302 861 304 863 316 866 
1 328 874 317 871 315 881 317 885 328 885 
1 288 871 280 867 275 878 277 885 289 883 
1 1274 244 1234 239 1224 263 1235 280 1267 280 
