1 30 778 55 766 50 750 39 744 25 753 
1 142 600 163 613 173 602 172 594 158 588 
1 141 573 152 583 158 575 157 567 149 563 
1 136 548 149 556 153 549 151 540 144 536 
1 174 523 183 512 174 506 167 507 162 516 
1 228 678 252 668 251 653 242 652 225 656 
1 228 639 239 646 249 642 246 634 239 629 
1 222 613 231 622 241 615 239 609 228 603 
1 213 588 231 599 237 591 235 584 227 578 
1 206 556 223 570 233 563 233 555 223 547 
1 264 534 241 522 234 530 236 543 243 549 
1 322 530 334 522 328 512 321 511 313 517 
1 420 677 432 663 424 654 418 654 410 660 
1 463 675 478 651 466 636 456 636 444 652 
1 525 676 540 655 531 640 516 641 512 654 
1 478 616 488 635 502 632 504 623 498 611 
1 510 606 527 617 536 606 532 597 521 592 
1 408 550 423 558 430 553 428 544 419 540 
1 508 511 491 504 484 513 485 518 495 527 
1 611 575 582 565 579 573 580 581 589 591 
1 616 613 596 600 575 610 577 626 596 630 
1 630 652 604 642 592 649 592 658 610 674 
1 642 652 665 672 684 659 680 649 669 636 
1 643 615 664 632 672 620 670 611 658 603 
1 784 642 765 630 750 638 751 649 764 659 
1 739 599 767 614 776 597 772 589 759 576 
1 803 571 794 584 800 594 809 595 816 584 
1 794 649 789 665 796 673 801 673 803 663 
1 844 646 837 661 843 671 853 670 853 659 
1 867 640 861 657 870 663 875 662 879 656 
1 892 642 880 653 887 663 893 663 898 656 
1 919 634 909 653 915 669 926 668 932 656 
1 797 447 780 440 771 451 772 457 783 465 
1 941 470 923 450 913 456 912 463 917 475 
1 1019 647 1014 657 1018 665 1025 665 1028 654 
1 1051 614 1061 628 1069 622 1070 616 1067 608 
1 1087 582 1089 605 1104 606 1110 599 1110 584 
1 1053 553 1037 546 1030 552 1032 559 1040 567 
1 994 408 1022 421 1033 410 1032 395 1017 385 
1 1174 356 1150 358 1147 375 1151 378 1171 378 
1 1183 389 1152 386 1146 398 1154 411 1168 412 
1 1229 425 1211 412 1199 423 1199 434 1214 439 
1 1297 348 1317 356 1330 345 1326 338 1316 330 
1 1295 318 1313 325 1322 315 1317 306 1309 306 
1 1133 508 1141 516 1147 510 1145 502 1136 498 
1 1133 551 1137 564 1144 560 1146 553 1141 543 
1 999 651 992 654 997 663 1001 663 1010 655 
1 983 651 974 656 977 665 984 665 991 659 
1 899 419 910 428 919 419 917 410 907 405 
1 1213 333 1192 321 1181 333 1183 343 1197 349 
1 1207 364 1189 359 1183 366 1187 376 1197 382 
