1 1287 211 1263 130 1214 132 1192 155 1199 199 
1 1121 97 1074 148 1100 183 1132 185 1161 155 
1 1267 797 1242 726 1205 721 1186 745 1198 787 
1 924 661 988 717 1031 689 1034 649 993 613 
1 836 811 832 855 860 868 879 855 879 823 
1 701 825 672 860 680 891 708 895 723 867 
1 573 808 544 842 557 868 583 869 598 848 
1 451 787 391 863 418 907 456 909 491 873 
1 335 792 303 826 318 856 340 858 359 830 
1 532 652 582 593 554 552 523 549 483 580 
1 427 593 464 584 466 551 447 542 422 553 
1 366 605 398 575 384 546 361 546 344 569 
1 501 394 526 463 560 458 579 435 565 394 
1 473 208 491 289 535 293 558 270 560 221 
1 594 138 610 216 662 225 687 199 677 148 
1 638 65 703 138 748 107 756 76 729 39 
