1 1167 170 1153 137 1124 133 1115 146 1125 172 
1 1263 786 1235 823 1249 855 1272 857 1292 827 
1 778 470 792 508 819 515 828 499 817 471 
1 855 783 870 830 895 832 904 819 897 790 
1 831 693 870 705 892 679 880 662 850 659 
1 786 651 827 653 835 621 825 606 795 607 
1 842 201 823 163 792 170 787 190 805 212 
1 662 417 653 378 622 375 610 390 624 419 
1 598 477 611 436 588 419 564 429 560 458 
1 450 482 473 448 455 423 435 426 419 452 
1 511 328 464 321 448 347 460 370 492 373 
1 337 540 344 503 324 478 302 489 298 520 
1 267 565 282 530 260 512 239 519 236 549 
