1 511 529 505 549 522 554 531 547 529 528 
1 556 499 550 515 569 523 575 516 573 494 
1 406 395 388 391 384 408 390 415 407 417 
1 541 380 526 371 521 391 528 398 548 399 
1 486 393 506 400 512 381 505 375 487 375 
1 460 357 477 362 481 344 477 340 457 338 
1 517 342 498 334 492 354 496 359 513 361 
1 457 269 438 271 435 286 444 294 457 289 
1 497 214 515 221 518 204 511 196 494 197 
1 692 377 686 393 704 394 710 388 710 373 
1 667 273 672 256 653 252 648 258 648 275 
1 699 241 708 225 689 223 682 229 684 247 
1 735 215 741 194 724 191 716 200 715 215 
1 768 182 776 166 761 162 751 166 749 182 
1 835 122 835 105 820 102 815 106 817 122 
1 935 147 927 167 947 173 958 163 958 142 
1 1132 133 1131 156 1147 159 1156 150 1156 133 
1 1089 167 1085 189 1102 196 1115 185 1112 168 
1 966 280 967 303 984 305 990 300 992 277 
1 845 392 840 413 856 417 866 415 867 391 
1 805 431 799 447 816 455 825 449 827 427 
1 765 467 758 488 778 492 784 489 787 468 
1 972 447 968 463 981 468 989 462 990 445 
1 943 456 944 473 961 477 966 471 961 454 
1 938 482 934 499 949 504 956 501 955 479 
1 904 508 898 526 913 530 922 526 921 508 
1 836 604 878 570 861 537 838 531 814 547 
1 1277 169 1270 188 1286 192 1293 186 1292 171 
1 1310 141 1305 160 1321 160 1330 155 1329 136 
1 1344 111 1336 132 1354 134 1361 127 1360 110 
