1 876 865 884 899 905 907 919 897 908 870 
1 950 772 962 867 1019 871 1043 849 1041 790 
1 1160 615 1164 661 1188 665 1198 654 1197 628 
1 1228 530 1238 608 1287 613 1306 589 1306 546 
1 1297 481 1318 521 1345 510 1349 489 1332 470 
1 1228 409 1257 379 1243 356 1227 356 1209 378 
1 1178 442 1182 408 1157 401 1147 407 1142 438 
1 1095 451 1097 413 1074 410 1062 418 1062 450 
1 1072 534 1067 500 1047 490 1036 501 1035 520 
1 1022 586 1022 545 995 534 983 548 983 576 
1 964 630 970 596 947 587 941 592 938 623 
1 800 765 798 723 773 712 754 727 763 754 
1 744 807 750 781 724 762 710 775 717 806 
1 695 856 692 825 667 811 653 823 657 850 
1 788 587 753 605 760 631 774 638 794 626 
1 773 311 804 304 814 287 801 273 779 282 
