1 100 549 75 541 65 557 70 568 92 575 
1 149 517 122 551 139 573 161 575 174 551 
1 358 450 334 504 368 525 390 520 398 489 
1 435 429 414 482 436 502 463 499 474 470 
1 504 419 494 466 514 487 537 485 545 454 
1 581 402 567 443 584 465 610 461 622 435 
1 503 320 545 308 542 287 529 277 510 286 
1 581 325 600 308 586 291 577 291 565 309 
1 614 295 638 287 639 262 629 260 606 273 
1 662 301 712 287 720 252 706 241 669 246 
1 848 123 822 118 810 135 815 147 832 149 
1 903 357 882 349 874 363 876 370 890 376 
1 1014 298 1067 315 1088 284 1084 265 1043 259 
1 1027 373 1076 401 1104 383 1106 359 1082 339 
1 739 387 713 405 722 424 738 428 754 413 
