1 80 513 65 465 37 470 27 480 31 516 
1 81 450 99 435 92 416 76 413 65 431 
1 591 852 569 870 584 892 598 895 608 872 
1 661 843 658 873 675 877 688 870 692 849 
1 690 791 688 820 708 828 715 823 717 799 
1 700 758 708 783 722 785 733 771 723 754 
1 698 726 719 746 739 739 740 725 722 709 
1 660 682 685 678 691 651 680 644 661 657 
1 579 671 601 660 600 638 589 633 569 643 
1 935 302 922 272 902 278 896 295 910 311 
1 718 264 739 287 753 275 754 263 739 251 
1 791 115 806 138 822 134 824 118 812 100 
1 787 37 810 50 825 43 824 22 805 13 
