1 305 665 283 694 292 709 310 710 323 701 
1 307 662 336 684 349 674 351 655 335 642 
1 296 664 268 648 258 663 260 675 273 682 
1 279 643 277 621 266 620 255 631 260 642 
1 303 660 325 635 313 621 299 619 287 632 
1 224 549 236 579 254 577 260 567 253 546 
1 261 542 292 536 295 522 285 509 269 508 
1 210 499 251 497 250 473 240 463 218 460 
1 201 479 174 495 179 509 198 516 209 512 
1 174 486 208 462 195 446 177 442 156 449 
1 397 360 351 371 353 399 367 413 392 408 
1 496 469 545 436 527 405 508 399 474 418 
1 623 376 646 352 640 338 625 337 613 347 
1 652 396 684 385 680 366 669 360 652 365 
1 705 427 726 399 714 379 705 381 690 395 
