1 1314 55 1317 116 1347 131 1368 116 1369 79 
1 568 685 580 665 575 654 563 654 553 665 
1 589 696 605 677 599 665 588 664 577 675 
1 613 702 630 686 622 672 612 672 598 678 
1 1237 456 1235 440 1220 439 1215 449 1220 462 
1 1256 489 1247 463 1228 469 1222 480 1228 502 
1 1227 493 1218 477 1203 476 1198 486 1208 499 
1 1213 526 1206 507 1186 508 1179 523 1189 537 
1 1204 579 1188 547 1167 560 1163 566 1170 591 
1 1177 616 1168 597 1150 598 1147 606 1158 626 
1 1239 630 1177 662 1189 704 1215 716 1253 694 
1 1169 699 1137 650 1096 652 1084 677 1109 711 
