1 42 135 85 137 95 107 82 89 50 89 
1 172 572 199 610 231 597 235 577 209 550 
1 145 658 183 697 210 678 213 652 188 635 
1 137 753 174 788 206 773 205 754 179 733 
1 120 844 148 881 175 863 175 847 157 822 
1 466 710 441 682 415 693 415 711 434 726 
1 444 868 417 837 389 850 389 868 406 885 
1 605 779 646 813 676 797 679 784 653 757 
1 887 776 848 737 810 754 806 779 834 794 
1 892 694 852 663 822 677 817 699 844 722 
1 999 837 1006 877 1030 883 1038 876 1040 850 
1 1240 736 1203 704 1178 716 1176 737 1198 759 
1 545 613 577 588 561 564 547 562 535 581 
1 1157 282 1117 283 1106 311 1114 326 1151 330 
1 1075 270 1033 265 1022 294 1033 311 1062 308 
1 977 256 936 254 922 286 936 304 967 302 
