1 180 232 162 207 143 217 140 229 158 247 
1 162 378 138 348 109 358 107 375 124 392 
1 922 779 876 797 865 827 879 841 912 832 
1 922 725 876 743 869 780 879 788 910 779 
1 864 616 886 578 867 559 848 564 835 591 
1 284 512 312 548 338 527 336 513 318 493 
1 296 437 318 465 345 457 348 445 326 426 
1 314 295 350 328 379 315 382 298 358 276 
1 263 138 286 117 279 94 264 92 247 112 
1 573 289 539 256 510 271 508 288 532 314 
1 577 221 549 186 515 201 511 216 539 238 
1 685 348 689 379 713 390 726 378 719 354 
1 901 251 878 221 852 237 850 252 868 276 
1 884 392 857 358 831 378 829 390 854 420 
1 1085 421 1046 409 1024 437 1028 452 1059 462 
1 1084 523 1052 518 1042 532 1047 546 1068 556 
1 1204 101 1250 92 1255 64 1240 55 1211 54 
