1 293 757 273 753 270 765 273 774 284 776 
1 404 939 416 927 411 915 401 914 394 925 
1 408 788 422 809 435 797 435 789 427 778 
1 415 732 430 752 443 743 443 733 433 723 
1 423 661 441 682 452 673 454 664 446 658 
1 659 680 677 671 671 656 660 656 653 670 
1 735 510 711 541 718 561 728 564 748 545 
1 533 461 506 487 520 504 532 507 549 495 
1 627 413 644 376 622 349 608 353 594 379 
1 699 397 717 391 711 375 704 374 691 383 
1 468 376 483 397 495 385 495 378 487 366 
1 477 337 492 357 501 349 502 339 493 330 
1 493 221 509 239 521 232 522 221 515 211 
1 659 194 649 180 634 184 633 191 641 204 
1 706 115 718 105 715 91 707 90 699 101 
