1 1128 501 1211 431 1180 378 1146 369 1101 403 
1 885 413 874 356 843 351 829 366 826 396 
1 1057 87 1044 68 1026 77 1026 84 1038 98 
1 631 95 605 130 622 160 638 160 656 136 
1 411 72 377 107 393 135 418 139 441 111 
1 334 65 302 92 320 121 334 123 359 97 
1 191 52 162 91 176 115 191 118 217 92 
1 717 436 745 415 733 395 713 392 695 409 
1 633 429 656 412 650 386 630 385 615 406 
1 550 415 577 401 564 377 549 375 538 391 
1 469 407 495 389 482 366 464 365 450 385 
1 380 414 413 393 401 361 380 359 359 383 
1 206 356 242 368 250 346 241 332 215 328 
1 106 476 148 461 144 428 127 417 99 433 
1 83 435 124 418 118 383 103 373 76 387 
1 89 445 53 466 53 495 72 508 100 491 
1 56 427 28 452 28 475 35 480 57 464 
1 402 569 370 652 415 688 443 682 470 629 
