1 84 520 63 544 77 564 89 562 103 546 
1 451 513 436 538 449 551 460 549 465 534 
1 636 503 617 531 630 543 643 544 651 530 
1 814 484 779 537 807 563 825 564 852 533 
1 674 660 653 646 635 658 635 669 651 679 
1 1034 595 1055 619 1070 604 1072 591 1055 581 
1 239 825 205 875 229 903 257 904 277 876 
1 301 848 281 871 293 890 307 891 323 872 
1 365 831 335 873 355 898 372 897 393 872 
1 714 827 691 858 711 878 726 880 740 853 
1 997 801 972 849 984 879 1005 877 1026 845 
1 1108 810 1083 854 1100 879 1122 876 1139 847 
1 1039 647 1013 632 1004 643 1003 654 1018 668 
