1 251 437 218 416 194 435 196 449 219 462 
1 247 493 219 476 194 489 196 504 222 521 
1 248 551 216 537 192 549 193 563 218 569 
1 250 601 219 585 197 596 197 611 223 621 
1 254 661 221 641 196 652 198 670 225 684 
1 481 742 512 761 526 745 525 731 508 723 
1 484 798 504 824 528 805 525 791 503 775 
1 646 790 618 771 601 781 601 799 621 813 
1 644 736 613 721 599 732 599 743 617 760 
1 734 747 716 775 728 804 745 801 755 776 
1 849 744 832 778 845 793 856 794 868 776 
1 986 727 963 707 940 717 938 728 962 747 
1 993 783 956 763 943 775 944 786 962 806 
1 1050 728 1075 750 1097 740 1096 722 1073 709 
1 1052 781 1079 799 1104 785 1104 772 1075 757 
1 1233 772 1204 757 1182 763 1183 777 1204 796 
1 1232 727 1196 708 1174 719 1173 733 1199 744 
