1 45 842 27 871 40 897 57 899 65 871 
1 90 839 71 870 84 890 99 891 110 866 
1 138 663 149 639 132 619 122 621 116 651 
1 193 660 214 634 195 611 179 614 171 640 
1 371 647 388 618 369 612 353 616 347 636 
1 430 646 440 612 426 607 411 611 406 622 
1 482 638 497 611 481 589 465 593 460 618 
1 566 589 546 618 563 638 576 638 592 621 
1 635 585 614 617 627 638 644 638 659 614 
1 1121 880 1077 855 1055 879 1055 897 1080 910 
1 1127 802 1062 758 1035 790 1038 816 1068 849 
1 1094 723 1069 700 1045 715 1045 736 1071 746 
1 1102 638 1043 601 1016 635 1016 659 1051 692 
1 1265 785 1289 805 1304 790 1297 772 1279 762 
1 1255 729 1284 748 1297 736 1294 725 1282 710 
1 1246 676 1284 696 1295 679 1292 667 1272 658 
