1 984 219 990 144 950 131 932 143 915 182 
1 799 197 831 206 838 189 830 175 809 170 
1 702 55 749 60 767 43 757 27 728 27 
1 607 27 579 23 569 42 573 53 596 54 
1 643 92 604 84 601 106 605 121 634 121 
1 693 147 618 145 612 180 622 204 656 209 
1 737 227 673 222 659 254 669 284 709 291 
1 751 307 726 302 716 323 716 329 745 336 
1 790 453 766 429 743 429 743 441 755 461 
1 740 608 722 577 702 577 692 588 699 612 
1 725 665 705 629 673 632 668 644 683 672 
1 716 718 688 689 660 696 655 711 674 729 
1 396 73 438 130 480 109 487 81 463 46 
1 379 165 409 213 448 198 458 172 436 140 
1 340 255 377 312 419 292 426 273 402 238 
1 304 364 344 426 383 406 391 382 370 343 
1 263 476 296 525 341 512 344 492 324 459 
1 220 591 260 662 303 641 315 603 300 560 
1 166 698 226 769 269 745 275 718 256 675 
