1 1314 167 1335 141 1317 121 1305 123 1293 145 
1 1270 287 1245 270 1228 284 1234 299 1255 311 
1 1303 436 1273 415 1251 433 1254 447 1283 467 
1 1013 520 1052 538 1070 518 1063 499 1037 479 
1 990 426 1038 452 1065 427 1059 403 1026 390 
1 966 337 1016 362 1037 340 1032 317 1006 301 
1 957 259 1000 280 1028 257 1022 234 991 221 
1 874 639 824 617 804 644 806 665 836 680 
1 848 521 808 493 788 522 790 549 815 559 
1 494 735 512 781 540 775 547 761 544 730 
1 537 915 582 901 576 871 557 861 535 876 
1 477 880 526 857 522 821 506 815 469 830 
