1 88 412 66 466 95 488 123 483 143 450 
1 354 300 309 252 282 282 280 312 304 339 
1 408 332 374 346 373 364 389 377 414 368 
1 494 382 458 398 464 423 475 433 496 421 
1 554 405 522 479 558 504 600 495 620 456 
1 648 282 662 322 697 325 706 309 696 275 
1 603 152 643 164 654 141 645 122 617 123 
1 541 129 576 113 582 86 567 76 536 90 
1 470 99 514 50 493 17 467 17 440 41 
1 383 231 369 193 342 193 334 212 343 233 
1 1019 697 960 716 974 753 987 762 1030 760 
1 1188 363 1179 317 1152 309 1134 329 1144 362 
1 1092 145 1101 182 1125 182 1138 171 1133 147 
