1 104 638 68 610 44 630 42 643 65 660 
1 99 530 70 500 47 526 46 543 68 560 
1 236 550 269 575 288 553 287 535 266 518 
1 236 468 277 492 297 475 296 455 269 436 
1 234 389 268 416 293 397 290 379 264 370 
1 240 318 275 346 296 331 294 311 270 297 
1 508 383 479 364 465 378 467 389 480 403 
1 511 516 482 490 462 506 459 522 482 536 
1 552 289 576 266 560 246 545 247 534 267 
1 629 417 666 444 695 423 691 408 663 392 
1 638 545 664 569 690 556 685 535 663 527 
1 642 612 670 640 693 619 692 598 668 585 
1 855 370 816 347 790 359 791 379 820 397 
1 844 306 815 282 787 300 785 318 813 331 
1 961 401 967 429 986 430 1000 418 993 399 
1 1129 281 1102 257 1086 276 1086 291 1106 306 
1 1144 404 1112 378 1092 399 1094 421 1111 434 
1 1169 603 1178 566 1155 552 1143 560 1132 584 
1 1320 401 1276 394 1269 415 1279 433 1304 438 
1 1340 486 1307 486 1303 502 1311 515 1327 516 
1 1233 687 1195 710 1198 741 1208 748 1242 738 
1 1242 739 1206 758 1207 787 1217 794 1245 783 
