1 102 785 143 759 127 732 104 727 82 749 
1 357 790 323 770 302 782 302 790 318 811 
1 394 693 351 662 327 681 327 695 354 716 
1 215 592 195 548 165 549 155 570 169 593 
1 46 460 37 498 53 511 68 511 83 487 
1 292 459 278 420 250 425 242 442 247 467 
1 404 37 364 16 342 39 343 61 377 73 
1 643 440 694 453 704 423 694 401 670 395 
1 838 662 781 657 765 683 775 706 808 706 
1 847 711 810 709 797 726 801 735 826 743 
1 822 699 868 708 889 682 878 661 846 654 
1 969 182 935 162 915 190 921 208 949 225 
