1 174 486 212 508 228 490 220 465 197 457 
1 154 414 200 437 229 418 219 395 184 381 
1 265 331 250 369 270 387 286 384 300 355 
1 609 514 588 463 552 467 541 485 557 518 
1 670 409 653 362 622 370 612 387 622 411 
1 935 294 948 340 976 335 988 319 977 289 
1 883 357 903 403 935 399 946 380 929 354 
1 837 437 861 486 891 485 902 464 886 435 
1 793 516 809 553 834 553 845 535 838 508 
1 1143 526 1130 491 1107 490 1100 503 1108 527 
1 1061 653 1049 620 1025 618 1017 634 1026 659 
1 1129 833 1138 878 1175 868 1183 855 1174 825 
1 1162 767 1178 803 1207 803 1213 791 1202 768 
1 1238 639 1262 688 1295 687 1306 665 1293 642 
1 1253 466 1293 458 1290 432 1273 423 1250 434 
