1 79 544 126 579 147 558 146 535 127 516 
1 313 546 264 517 243 536 247 559 264 579 
1 181 682 261 669 263 626 239 600 195 603 
1 515 680 600 665 603 618 579 596 528 603 
1 818 533 882 583 916 553 914 519 883 491 
1 723 406 699 445 706 469 730 470 745 443 
1 802 250 828 220 814 200 793 202 778 222 
1 781 338 818 361 839 339 833 321 808 308 
1 907 387 888 430 899 453 914 452 936 428 
1 953 247 976 219 961 196 941 196 930 223 
1 1083 205 1062 237 1076 257 1091 257 1109 237 
1 1159 332 1128 302 1106 322 1105 340 1126 359 
1 1090 393 1059 425 1078 450 1098 450 1117 428 
1 987 391 961 421 975 445 997 446 1013 426 
