1 273 9 242 27 257 57 275 58 299 30 
1 779 147 759 203 782 230 808 228 823 190 
1 850 179 862 155 848 136 836 136 825 163 
1 913 121 902 148 914 160 925 157 936 142 
1 1006 103 985 158 1009 185 1039 178 1050 143 
1 1162 122 1173 106 1162 96 1151 97 1143 110 
1 1281 293 1298 277 1287 263 1273 265 1262 282 
1 884 652 912 621 894 601 875 602 860 621 
1 977 759 949 811 969 844 996 841 1016 813 
1 1112 766 1089 810 1111 829 1131 825 1141 808 
1 1162 756 1162 796 1189 796 1201 786 1191 757 
1 1175 667 1188 705 1218 702 1224 691 1210 665 
1 1189 600 1214 629 1236 613 1233 591 1215 581 
1 1147 601 1187 582 1186 556 1165 547 1143 555 
