1 94 350 112 334 102 320 92 319 80 334 
1 164 368 194 358 192 337 183 330 161 339 
1 191 420 217 411 217 387 202 380 187 391 
1 173 613 201 641 218 628 218 606 207 596 
1 172 736 200 767 219 752 219 732 206 710 
1 86 613 102 627 117 620 120 611 104 598 
1 84 658 102 675 117 669 117 660 102 649 
1 83 711 93 729 110 722 112 710 99 705 
1 77 755 93 769 107 763 107 755 96 745 
1 361 567 346 553 332 559 332 570 342 580 
1 361 638 339 621 332 632 332 636 336 651 
1 426 588 442 606 462 597 461 585 449 571 
1 390 721 378 736 387 745 396 745 402 736 
1 339 691 326 704 335 710 342 710 345 704 
1 363 694 354 709 357 717 365 718 372 710 
1 339 721 329 735 334 742 341 742 345 736 
1 359 725 351 736 356 747 361 747 367 736 
