1 980 485 1008 480 1013 461 997 450 978 457 
1 953 413 980 404 981 383 970 377 953 381 
1 376 63 387 35 368 25 357 30 353 47 
1 438 892 408 882 403 899 409 915 427 915 
1 341 413 376 421 385 398 380 385 359 380 
1 323 359 350 370 366 351 360 339 337 330 
1 260 211 284 223 301 201 292 185 272 189 
1 200 63 213 73 223 61 219 54 206 45 
1 118 63 112 44 94 46 90 54 98 72 
1 142 181 112 173 104 192 108 201 127 208 
1 163 231 128 223 119 242 123 253 144 259 
1 186 278 155 268 146 287 152 303 171 305 
