1 190 627 252 569 229 521 199 517 164 553 
1 496 522 474 500 453 508 451 520 466 541 
1 533 678 561 656 554 628 536 626 518 643 
1 655 700 680 678 675 654 656 651 641 671 
1 835 734 865 708 854 681 837 680 817 697 
1 887 752 924 728 910 697 895 695 877 717 
1 989 450 955 440 940 465 944 480 973 482 
1 486 21 447 17 433 34 437 51 461 58 
1 891 420 833 480 858 513 893 520 932 498 
1 793 403 737 457 760 499 789 504 823 477 
1 546 358 543 426 585 442 610 421 614 376 
1 566 323 589 344 611 340 619 323 595 303 
1 574 270 610 276 622 252 610 230 586 234 
1 511 263 563 214 546 177 518 171 483 197 
1 427 242 469 202 456 172 429 167 400 188 
1 348 217 378 190 361 166 346 164 327 183 
1 283 182 316 159 303 135 287 134 265 148 
1 497 350 440 411 463 441 494 450 526 427 
1 406 347 378 370 388 396 408 399 426 381 
1 336 326 293 372 312 408 331 411 362 386 
1 255 351 226 380 237 399 251 406 273 384 
