1 392 491 373 521 388 538 405 535 414 515 
1 455 480 428 533 452 556 475 552 495 523 
1 533 472 517 507 530 522 548 520 557 499 
1 696 450 679 484 693 499 711 497 718 477 
1 760 443 745 473 756 493 773 490 782 469 
1 824 430 806 466 819 488 839 484 849 461 
1 890 425 874 452 885 467 906 463 913 446 
1 955 414 937 447 951 463 972 459 980 441 
1 376 623 402 601 419 612 421 629 406 644 
1 198 712 179 739 191 755 209 754 216 734 
1 251 705 235 731 247 746 262 744 272 726 
1 304 697 289 727 301 738 321 734 329 718 
1 357 686 341 716 354 732 370 731 380 711 
1 410 679 395 710 407 726 424 723 434 705 
1 672 641 654 671 665 688 683 687 693 669 
1 722 638 707 667 721 681 736 679 746 660 
1 876 617 862 648 874 666 891 663 900 641 
1 1138 559 1124 588 1136 605 1154 602 1162 582 
1 1193 549 1178 580 1193 598 1208 596 1218 573 
1 1247 541 1232 570 1243 589 1263 586 1269 564 
