1 711 204 737 156 719 130 693 131 673 162 
1 810 254 861 172 824 135 782 137 747 180 
1 1010 222 1063 132 1020 88 984 90 945 138 
1 1106 200 1200 163 1189 111 1156 90 1103 102 
1 722 424 691 472 714 495 740 492 757 465 
1 913 372 885 419 906 443 932 440 949 413 
1 1009 366 980 413 1002 437 1028 435 1043 409 
1 1115 377 1086 416 1106 435 1132 434 1148 410 
1 1159 351 1186 452 1246 450 1271 420 1260 361 
1 739 739 771 694 747 667 722 669 705 700 
1 840 770 870 728 847 705 824 706 804 735 
1 938 764 969 719 946 691 920 694 902 725 
1 1026 722 1075 702 1069 664 1047 653 1016 672 
1 1179 727 1269 732 1285 678 1261 644 1205 637 
1 1240 813 1307 763 1349 786 1351 825 1314 857 
