1 367 363 379 326 358 308 342 314 332 344 
1 848 209 880 182 866 152 847 150 830 174 
1 973 228 1003 201 991 174 971 171 952 195 
1 834 275 804 304 814 331 837 335 855 311 
1 967 294 938 326 948 353 969 356 991 334 
1 808 444 778 466 794 490 809 493 828 475 
1 885 453 858 479 872 502 886 505 907 485 
1 716 591 688 617 700 641 717 645 737 623 
1 783 601 757 627 767 651 786 655 800 634 
1 862 616 832 640 846 664 864 666 884 647 
1 930 627 902 650 914 676 933 679 952 657 
1 998 634 971 662 982 687 1003 691 1019 669 
1 1064 650 1037 674 1050 700 1069 704 1085 681 
1 690 759 661 783 675 807 693 811 709 790 
1 974 806 944 829 961 856 978 859 996 837 
