1 300 273 350 257 367 292 356 313 322 322 
1 430 474 432 420 400 418 378 437 380 468 
1 256 656 251 600 211 587 194 601 202 645 
1 173 694 168 636 132 620 107 640 119 679 
1 100 745 96 688 60 681 40 699 48 735 
1 108 818 81 770 45 781 35 806 56 835 
1 388 784 405 827 435 824 446 798 435 768 
1 483 668 485 724 519 730 540 711 538 676 
1 572 596 562 648 596 665 622 647 623 612 
1 951 507 913 478 880 491 879 518 911 533 
1 819 729 767 699 741 725 746 752 776 767 
1 1106 587 1182 640 1217 596 1215 558 1171 525 
1 1128 699 1180 728 1208 704 1203 669 1176 656 
1 1123 808 1205 858 1245 814 1242 773 1193 739 
