1 766 9 749 0 738 8 739 16 752 21 
1 778 59 752 42 738 57 740 72 757 80 
1 877 77 902 93 918 79 917 67 900 55 
1 788 217 762 201 747 215 748 227 765 241 
1 899 193 922 210 937 195 935 183 919 170 
1 920 446 953 464 969 449 967 436 949 423 
1 1036 596 1056 562 1041 547 1022 549 1011 568 
1 1069 783 1078 750 1061 739 1046 746 1040 765 
1 1140 766 1137 783 1146 789 1153 787 1155 774 
1 907 819 884 851 895 870 911 872 925 853 
1 845 725 818 749 802 736 800 721 816 702 
1 841 671 808 696 791 686 788 669 805 654 
1 940 632 973 650 992 635 990 619 969 608 
1 833 617 800 598 780 617 783 634 806 644 
