1 938 444 911 498 934 528 964 524 981 488 
1 1024 408 991 476 1024 512 1054 508 1072 464 
1 1149 362 1108 430 1148 461 1175 458 1200 419 
1 1265 352 1234 410 1267 435 1291 432 1313 397 
1 515 851 552 789 518 755 492 758 467 797 
1 630 836 671 757 635 723 603 727 576 771 
1 743 827 783 755 746 724 713 728 687 766 
1 857 811 891 746 855 724 825 729 801 761 
1 993 801 1026 737 989 713 962 719 937 754 
1 1100 789 1133 720 1098 687 1066 692 1045 732 
1 1271 701 1332 666 1307 623 1279 617 1244 638 
1 1243 807 1306 763 1281 722 1252 715 1215 734 
