1 127 149 100 132 89 143 90 156 103 164 
1 342 216 326 239 340 251 351 251 363 236 
1 427 219 411 241 421 255 433 254 443 241 
1 1107 136 1081 122 1064 131 1065 143 1082 152 
1 416 447 399 474 410 487 425 487 434 472 
1 135 567 102 540 73 561 73 583 103 594 
1 137 633 100 611 75 630 76 645 102 660 
1 141 699 101 675 75 697 76 712 106 726 
1 112 767 96 757 87 762 87 774 97 781 
1 348 666 366 638 354 617 338 618 326 640 
1 480 658 496 637 485 625 472 626 462 641 
1 677 647 695 620 684 601 664 602 655 623 
1 448 701 429 732 442 743 458 743 469 729 
1 580 690 559 721 574 731 589 730 604 718 
