1 708 243 688 275 704 290 725 287 734 268 
1 1088 238 1037 212 1017 235 1022 257 1045 276 
1 992 448 967 433 954 445 957 460 973 466 
1 1002 521 962 499 943 517 946 540 970 556 
1 443 522 465 491 447 477 430 479 415 496 
1 521 514 543 477 523 461 506 464 490 484 
1 596 505 614 468 596 450 577 453 566 476 
1 671 503 695 455 673 433 651 437 635 463 
1 747 493 770 446 749 423 725 427 710 454 
1 415 574 400 600 413 618 429 616 435 594 
1 490 556 464 604 486 623 509 619 523 594 
1 566 554 544 590 564 607 581 605 592 585 
1 638 538 611 587 634 605 657 602 669 576 
1 712 527 685 577 710 594 733 590 748 568 
1 788 516 763 564 784 585 806 584 822 556 
