1 253 42 196 21 185 52 190 73 219 86 
1 273 112 213 94 206 121 213 143 235 157 
1 380 499 334 482 317 506 323 525 353 537 
1 623 421 653 381 680 396 686 416 670 439 
1 399 567 369 558 359 573 363 585 380 591 
1 113 722 148 681 179 692 185 715 166 740 
1 439 707 386 687 371 714 378 738 403 750 
1 641 498 672 460 699 472 704 494 686 517 
1 643 795 601 784 588 801 594 822 617 830 
1 1033 272 986 254 969 277 976 298 1001 310 
1 1130 257 1159 218 1184 231 1190 255 1174 278 
1 934 2 917 0 897 3 902 14 921 18 
1 1104 544 1080 549 1080 565 1089 573 1103 569 
1 1175 532 1159 569 1177 583 1196 578 1208 554 
1 1222 519 1227 547 1245 550 1255 540 1249 523 
1 1105 114 1115 94 1134 102 1137 113 1125 128 
