1 466 450 438 448 428 469 437 483 461 477 
1 1141 488 1201 460 1198 427 1171 413 1138 422 
1 1371 178 1332 158 1320 199 1335 219 1371 216 
1 937 586 946 561 927 555 913 564 911 583 
1 926 643 933 616 911 612 898 624 899 645 
1 1019 620 1002 643 1021 660 1034 656 1043 634 
1 1103 647 1071 651 1064 675 1077 686 1100 681 
1 1143 708 1105 701 1093 726 1105 743 1130 744 
1 904 683 878 671 867 683 870 698 888 704 
1 993 736 971 727 961 746 968 759 988 760 
1 846 912 859 899 851 883 835 884 830 900 
1 961 47 990 33 987 10 969 3 950 16 
