1 618 326 569 347 581 375 596 382 622 375 
1 961 49 963 30 949 26 943 30 943 45 
1 1057 78 1063 52 1084 54 1088 65 1079 83 
1 1021 24 1011 38 1028 47 1035 35 1033 26 
1 1100 115 1109 95 1126 100 1130 108 1119 124 
1 1153 149 1139 133 1153 118 1165 119 1173 137 
1 1189 168 1208 155 1214 171 1209 184 1195 191 
1 1003 168 972 176 965 199 976 209 1000 198 
1 1090 234 1018 238 1009 280 1026 302 1069 298 
1 1159 291 1100 293 1096 325 1112 347 1146 344 
1 1042 496 1033 443 998 443 983 460 993 494 
1 988 534 985 516 967 511 961 519 967 534 
1 956 608 949 570 925 572 915 583 924 604 
1 944 707 908 696 893 718 902 738 931 740 
1 1068 794 1049 825 1067 845 1079 844 1095 820 
1 1106 769 1098 805 1119 817 1134 812 1142 788 
1 1113 717 1122 752 1143 753 1152 743 1151 721 
1 1304 727 1313 699 1326 699 1337 709 1334 723 
1 1246 518 1253 542 1267 545 1274 536 1270 521 
