1 150 126 125 128 120 144 129 152 145 149 
1 166 195 152 183 140 192 140 201 152 208 
1 97 531 82 575 54 572 43 558 48 527 
1 153 562 150 622 119 629 99 616 96 584 
1 278 583 245 630 270 656 288 654 310 629 
1 340 580 329 625 352 637 367 630 374 607 
1 430 497 482 486 487 517 476 537 449 545 
1 417 424 464 425 471 398 460 387 435 381 
1 385 383 412 379 412 358 404 351 385 356 
1 322 198 334 207 346 200 345 189 332 186 
1 305 164 320 150 331 157 332 166 323 174 
1 303 120 329 113 339 122 337 132 324 136 
1 359 73 356 90 365 93 371 89 373 81 
1 408 56 399 80 411 87 421 84 426 72 
1 466 315 491 317 495 331 485 343 470 337 
1 1009 318 974 342 980 365 997 373 1019 358 
