1 371 183 404 152 428 166 428 187 409 204 
1 178 468 134 417 153 382 182 379 209 406 
1 248 677 200 617 160 640 153 670 183 706 
1 601 157 561 133 539 153 543 177 569 188 
1 626 387 590 366 568 385 572 407 597 418 
1 732 75 767 43 791 58 791 79 771 97 
1 747 142 765 123 788 129 790 147 771 159 
1 751 222 767 201 791 211 791 227 770 238 
1 753 355 809 392 837 356 834 331 801 302 
1 915 162 908 118 880 115 864 131 873 155 
1 1020 66 984 44 961 63 964 83 991 95 
1 1035 202 998 181 979 199 981 217 1003 229 
1 1085 85 1139 34 1175 59 1179 88 1148 121 
