1 137 347 64 311 75 263 103 248 149 263 
1 259 138 269 69 309 63 331 82 328 121 
1 486 94 443 90 437 58 447 45 479 51 
1 626 99 634 145 663 149 678 131 672 105 
1 808 266 798 218 767 217 753 233 763 262 
1 635 450 628 406 600 403 587 417 594 447 
1 752 527 762 603 809 602 833 579 827 534 
1 1024 526 1000 490 1017 464 1040 463 1054 491 
1 858 433 862 463 884 469 897 456 891 433 
1 922 374 926 405 950 410 960 398 953 375 
1 966 317 977 363 1006 367 1020 351 1016 323 
1 1016 241 1035 317 1084 316 1103 292 1099 243 
1 1178 546 1169 501 1138 496 1124 511 1131 541 
1 1076 651 1069 607 1040 603 1026 617 1033 647 
1 1207 612 1289 620 1293 667 1272 691 1222 687 
