1 390 196 357 162 369 137 393 133 409 155 
1 673 156 641 126 656 102 674 100 693 121 
1 772 138 738 114 752 87 774 83 793 105 
1 421 378 400 424 424 450 440 447 456 413 
1 546 360 522 400 544 418 565 414 579 390 
1 671 339 651 385 672 406 691 402 705 372 
1 797 322 775 365 797 386 816 383 829 356 
1 1056 283 1032 329 1059 353 1079 347 1090 316 
1 1180 265 1154 302 1178 325 1199 322 1211 293 
1 1305 247 1283 281 1303 302 1321 299 1332 271 
1 963 505 916 503 909 532 921 548 951 549 
1 956 736 978 692 955 670 932 674 917 701 
1 857 750 881 714 857 688 835 692 822 721 
1 787 760 812 724 787 701 767 704 751 732 
1 717 772 736 731 717 711 695 714 685 740 
