1 254 401 298 428 323 411 322 386 295 370 
1 253 317 299 339 322 321 321 303 296 287 
1 250 224 292 248 317 233 316 215 292 197 
1 247 143 288 169 313 153 312 134 287 118 
1 629 616 583 597 563 621 567 639 594 647 
1 624 388 574 352 545 378 548 404 577 427 
1 612 130 569 105 546 124 546 143 571 156 
1 707 116 750 140 774 124 773 105 749 90 
1 698 263 740 291 767 273 765 250 740 232 
1 705 337 751 360 775 344 775 323 751 311 
1 720 475 751 499 770 483 769 463 749 446 
1 724 542 762 566 785 550 785 526 760 515 
1 1057 618 1016 580 990 593 984 617 1009 639 
1 1080 543 1039 516 1014 530 1014 560 1040 574 
1 1070 474 1022 449 1000 466 999 486 1028 499 
1 1062 408 1024 381 1002 398 1002 419 1029 434 
1 1068 338 1018 313 998 334 997 352 1025 365 
1 934 297 906 323 921 350 941 353 958 330 
1 1069 271 1026 246 999 260 999 284 1027 294 
1 1052 132 1009 107 985 127 984 148 1010 161 
1 1052 30 1006 5 984 24 984 45 1010 57 
1 1179 590 1188 627 1214 622 1223 608 1216 583 
1 1171 541 1212 565 1236 551 1236 530 1214 515 
1 1162 405 1205 427 1228 413 1228 392 1203 379 
1 1155 335 1198 362 1224 346 1223 322 1196 307 
1 1157 269 1195 293 1223 282 1223 255 1197 240 
1 1160 134 1202 162 1229 141 1229 120 1200 102 
1 1170 30 1202 60 1227 49 1229 26 1210 11 
1 1155 201 1199 227 1222 209 1222 190 1199 175 
1 257 487 302 513 326 495 325 474 300 460 
1 600 11 558 3 535 15 539 32 565 46 
1 696 5 735 27 762 10 762 1 728 1 
