1 314 460 270 421 249 441 250 471 263 494 
1 359 464 321 468 314 489 327 504 350 497 
1 314 394 281 361 255 373 253 394 277 414 
1 344 337 327 290 303 294 288 313 298 338 
1 374 285 370 245 348 244 332 257 335 277 
1 516 269 547 235 527 209 504 208 487 227 
1 671 412 612 364 584 388 583 417 603 448 
1 670 480 642 455 625 467 627 491 642 498 
1 695 288 671 249 642 259 634 278 652 303 
1 770 455 802 487 820 474 824 449 809 435 
1 773 399 803 426 823 411 826 394 808 382 
1 785 352 804 376 822 366 824 344 811 329 
1 967 494 996 522 1010 506 1009 484 1000 470 
1 924 284 963 260 952 239 923 227 904 246 
1 962 288 1026 268 1020 231 991 212 965 216 
