1 77 122 40 165 63 194 88 193 107 163 
1 179 118 137 153 156 183 179 186 203 160 
1 255 118 220 155 243 178 266 177 288 151 
1 334 113 299 157 318 184 346 183 366 153 
1 418 115 382 157 405 183 429 183 447 154 
1 636 102 601 145 622 172 650 171 668 142 
1 809 100 776 139 799 162 825 160 842 135 
1 950 87 943 143 977 155 999 142 1000 108 
1 962 44 1023 33 1045 62 1036 84 1000 92 
1 528 219 479 244 488 279 510 287 541 268 
1 541 374 501 352 479 366 479 381 503 398 
1 123 540 84 507 103 478 127 474 151 497 
1 203 531 169 494 189 469 213 466 234 491 
1 292 544 252 494 273 457 301 455 327 489 
1 394 550 355 499 377 464 405 461 431 496 
1 504 545 462 490 484 453 514 452 536 488 
1 642 530 603 479 625 443 654 442 677 478 
1 742 533 700 483 722 445 749 444 775 477 
1 853 530 812 480 833 442 862 441 886 476 
1 962 527 912 465 937 424 973 423 1003 461 
1 1043 485 1021 453 1036 429 1054 430 1068 455 
