1 167 66 95 18 70 54 70 82 99 111 
1 160 170 112 204 87 185 87 159 109 139 
1 165 275 106 234 77 266 77 294 109 320 
1 166 382 94 334 70 368 70 400 100 428 
1 166 488 99 441 70 474 69 504 101 532 
1 293 121 346 81 378 107 377 137 347 165 
1 287 249 353 202 385 233 384 264 354 292 
1 288 375 353 330 386 361 386 392 354 417 
1 292 491 356 446 387 477 387 508 357 535 
1 665 108 608 153 579 126 578 97 607 69 
1 575 265 519 223 487 249 487 277 520 305 
1 664 382 607 340 577 365 576 396 607 424 
1 665 484 606 442 577 473 578 502 609 528 
