1 153 71 119 119 138 150 164 149 182 118 
1 267 66 220 134 244 158 281 157 307 136 
1 382 56 336 124 362 148 398 147 423 124 
1 499 79 458 132 487 170 515 169 541 130 
1 605 100 563 145 591 177 620 177 644 145 
1 720 74 673 141 700 167 737 165 759 143 
1 843 90 810 137 829 172 857 171 877 138 
1 973 67 916 133 954 173 988 174 1024 137 
1 1099 78 1048 149 1076 179 1110 180 1137 156 
1 1208 83 1155 151 1183 175 1218 177 1244 156 
1 60 280 121 234 160 262 160 293 117 317 
1 116 545 166 508 201 526 202 553 166 573 
1 114 665 170 621 217 644 217 675 175 704 
1 121 803 151 741 193 741 207 767 186 806 
