1 72 266 29 304 40 329 64 328 94 304 
1 147 219 115 265 142 287 164 281 180 249 
1 258 271 215 310 230 340 252 340 281 311 
1 327 224 301 269 328 288 349 284 364 255 
1 478 267 439 309 461 340 478 341 506 311 
1 537 231 514 274 543 291 561 287 578 259 
1 655 282 621 321 645 348 662 348 686 323 
1 709 235 692 277 720 296 738 292 750 264 
1 833 290 803 321 828 343 847 341 870 321 
1 884 239 870 282 900 302 918 296 928 269 
1 1011 292 983 333 1012 358 1032 358 1049 332 
1 1056 246 1046 292 1078 310 1100 303 1106 276 
