1 64 188 38 153 59 128 83 126 95 151 
1 133 182 110 151 130 126 149 125 163 150 
1 202 179 177 144 198 119 215 119 230 143 
1 272 182 247 145 265 119 283 117 299 142 
1 339 173 315 138 333 112 351 111 369 134 
1 408 167 380 132 401 108 418 109 436 129 
1 477 160 453 123 470 101 483 101 498 121 
1 533 144 514 113 531 94 548 96 557 117 
1 676 152 650 117 665 94 679 93 694 114 
1 735 148 708 111 719 88 736 86 752 107 
1 795 143 769 109 782 85 795 85 812 105 
1 858 143 831 110 843 87 858 85 874 107 
1 918 139 890 104 901 82 918 82 934 104 
1 977 131 948 99 960 76 975 75 992 98 
1 1040 127 1011 96 1022 73 1039 71 1057 91 
1 1087 123 1077 82 1100 70 1117 76 1121 101 
1 117 282 88 326 102 348 117 348 136 323 
1 327 273 296 315 314 340 332 340 354 313 
1 396 276 375 312 388 335 402 334 416 310 
1 640 261 616 291 633 311 649 310 663 288 
1 780 232 755 273 775 298 793 296 810 270 
1 920 243 904 278 921 300 935 299 944 274 
1 989 229 964 269 987 294 1007 292 1019 265 
1 1059 230 1042 271 1062 292 1078 290 1086 266 
1 1127 222 1113 258 1130 280 1147 277 1153 254 
1 875 371 825 348 804 365 806 381 833 398 
