1 120 410 190 404 210 353 194 328 141 338 
1 141 512 230 507 256 457 234 424 177 435 
1 257 612 329 560 329 502 295 487 249 519 
1 431 644 512 645 541 595 517 567 467 575 
1 690 385 655 304 607 293 582 325 600 379 
1 12 188 80 227 122 193 120 158 74 142 
1 297 87 229 74 205 108 217 140 257 153 
1 325 147 257 172 266 218 291 237 332 219 
1 379 163 345 228 381 260 410 255 427 212 
1 512 98 460 150 484 197 516 200 542 167 
1 574 53 535 122 570 158 605 155 620 115 
1 976 280 906 308 905 348 932 373 970 357 
1 1052 355 972 387 970 433 1000 460 1042 443 
1 1202 498 1131 524 1126 565 1156 589 1196 570 
1 1257 574 1189 594 1185 637 1212 658 1249 649 
