1 77 100 149 100 167 57 147 28 105 38 
1 160 173 227 148 230 102 205 82 170 102 
1 351 159 407 125 407 75 372 63 342 92 
1 516 168 581 137 579 92 552 77 515 100 
1 767 258 796 190 772 153 739 153 721 203 
1 865 207 881 134 847 100 811 109 806 160 
1 1024 142 1042 204 1084 210 1107 188 1092 154 
1 31 579 39 644 81 655 102 634 94 597 
1 359 603 304 555 262 574 256 609 294 642 
1 522 392 484 447 499 479 532 483 552 453 
1 611 413 562 472 582 508 621 512 646 482 
1 782 449 740 495 759 530 792 534 811 508 
1 856 477 817 522 832 557 866 559 886 534 
1 924 483 900 542 929 565 961 558 969 527 
1 1017 408 1016 470 1052 487 1079 469 1079 434 
1 105 477 92 539 124 559 154 549 160 514 
1 127 414 130 484 171 492 196 469 191 440 
