1 339 464 357 433 332 420 308 433 300 462 
1 422 424 446 395 419 382 393 395 386 427 
1 501 381 524 351 493 341 469 349 461 384 
1 665 308 687 275 661 260 634 270 628 301 
1 746 263 766 225 728 218 705 234 707 271 
1 828 223 850 187 816 177 791 190 785 227 
1 601 481 572 508 600 522 631 514 638 485 
1 679 439 653 470 684 489 710 481 720 446 
1 759 398 741 429 769 443 791 432 793 401 
1 840 361 813 391 844 406 870 396 880 362 
1 754 498 774 472 753 461 732 469 729 494 
1 839 461 856 434 834 425 811 432 811 459 
1 987 149 1012 119 979 103 953 116 948 147 
1 580 333 605 322 581 305 551 314 555 348 
