1 90 402 34 424 38 468 62 484 95 463 
1 168 405 122 447 134 486 162 497 192 465 
1 253 420 211 466 231 499 266 503 284 472 
1 391 612 350 571 317 586 313 621 340 641 
1 510 477 494 541 522 572 550 561 557 521 
1 612 496 587 554 611 586 641 584 655 544 
1 681 447 667 512 699 539 728 529 732 489 
1 809 316 838 372 878 368 891 346 871 309 
1 891 228 880 284 908 307 940 292 942 259 
1 971 235 978 296 1014 312 1042 291 1031 251 
1 1021 111 1052 166 1093 165 1105 140 1084 101 
1 1061 30 1082 87 1121 92 1137 72 1120 29 
