1 591 305 521 349 539 391 573 405 613 382 
1 707 352 641 399 661 441 692 454 730 429 
1 816 389 750 435 768 479 800 492 839 470 
1 930 415 864 460 880 502 913 517 952 492 
1 1046 432 979 477 998 516 1031 531 1072 509 
1 557 131 618 95 602 54 573 43 535 62 
1 667 172 742 118 721 70 687 59 645 84 
1 800 202 874 145 854 104 818 91 776 113 
1 913 248 980 200 961 159 929 149 889 170 
1 1013 308 1058 277 1048 244 1024 235 997 257 
1 1144 471 1101 502 1112 534 1137 547 1165 523 
1 1195 373 1245 337 1230 296 1204 287 1172 315 
1 448 92 510 49 494 16 466 8 435 21 
