1 314 589 363 600 383 580 375 555 346 550 
1 289 504 341 519 359 497 351 472 320 464 
1 271 420 317 432 333 409 327 390 300 381 
1 239 335 286 346 304 327 297 305 271 300 
1 215 259 261 270 282 251 274 230 247 221 
1 643 390 583 370 565 402 574 429 609 442 
1 760 448 796 465 809 444 802 424 780 415 
1 783 514 825 526 841 505 834 483 808 476 
1 710 609 661 608 647 632 656 651 685 652 
1 708 320 759 333 777 311 771 289 744 283 
1 679 251 729 268 748 244 740 218 711 210 
1 649 109 697 118 716 97 710 78 682 72 
1 984 33 936 21 916 45 921 64 953 69 
1 1038 159 988 146 970 168 975 188 1006 193 
1 916 220 897 254 918 274 940 271 948 243 
1 1069 294 1026 277 1010 299 1016 323 1044 327 
1 1054 225 1004 215 987 238 993 258 1023 261 
1 1101 69 1148 82 1168 61 1161 42 1133 34 
1 1120 135 1168 149 1188 127 1181 103 1151 95 
1 1137 198 1186 213 1207 189 1198 165 1169 159 
1 1164 263 1211 273 1228 252 1222 232 1195 227 
1 1122 498 1066 467 1052 491 1055 516 1084 529 
1 1126 418 1075 401 1055 426 1064 448 1096 458 
1 1095 356 1048 345 1028 366 1033 386 1064 391 
1 1212 392 1258 404 1279 381 1272 363 1244 356 
1 563 147 514 137 496 158 502 177 531 183 
1 521 36 469 33 458 58 466 75 492 78 
1 1188 327 1238 340 1253 318 1246 302 1222 291 
1 1231 435 1255 470 1277 458 1279 440 1266 421 
