1 323 556 299 604 318 628 347 625 358 594 
1 403 527 378 572 397 598 425 594 437 565 
1 469 509 453 561 477 581 505 571 512 540 
1 541 476 525 541 557 568 584 558 595 518 
1 636 442 620 501 650 522 677 512 687 475 
1 718 425 702 475 729 496 754 487 760 454 
1 792 397 775 446 800 465 824 458 833 426 
1 891 325 873 408 908 431 943 420 958 375 
1 1012 284 996 341 1025 365 1052 356 1061 318 
1 962 105 980 62 955 47 930 54 921 80 
1 270 364 276 309 245 290 223 300 222 337 
1 428 323 442 266 414 242 387 253 379 290 
1 491 274 503 230 483 210 462 217 452 249 
1 791 174 805 122 778 101 750 109 745 142 
