1 347 405 311 434 327 457 353 463 374 441 
1 476 353 450 399 469 424 498 421 510 392 
1 290 259 309 217 285 200 260 209 250 235 
1 363 235 380 192 355 177 328 184 320 211 
1 422 214 451 176 431 157 405 157 388 178 
1 478 184 520 173 513 143 491 135 464 141 
1 665 136 685 95 661 79 633 87 623 114 
1 782 270 776 309 789 323 808 319 814 293 
1 851 223 841 280 866 300 881 294 895 262 
1 733 111 752 73 728 57 703 64 693 90 
1 793 100 821 62 804 33 776 32 760 57 
1 989 467 928 449 904 477 915 506 953 514 
1 1039 590 1083 609 1106 584 1094 559 1065 547 
