1 135 309 91 334 105 363 132 374 157 355 
1 337 352 290 390 301 428 331 437 357 412 
1 676 450 635 483 642 516 667 523 698 501 
1 767 446 717 489 728 528 760 537 798 519 
1 942 508 902 557 919 595 943 598 969 565 
1 1007 295 1062 268 1057 234 1029 222 1001 242 
1 914 273 971 248 965 213 937 199 908 221 
1 843 252 892 212 880 179 852 171 825 197 
1 757 235 812 185 799 143 768 135 738 167 
1 648 205 700 163 688 126 657 117 627 145 
1 562 173 610 135 601 101 571 93 546 119 
1 479 151 527 115 517 84 488 76 461 101 
1 345 152 415 92 396 47 360 38 320 70 
1 208 114 262 73 252 37 222 28 190 55 
