1 597 493 561 540 583 570 606 571 631 541 
1 539 476 480 511 480 553 506 567 546 546 
1 616 445 628 501 669 504 682 485 673 450 
1 654 406 700 448 737 425 739 403 710 377 
1 553 313 621 300 628 252 609 233 568 246 
1 483 251 556 235 566 189 545 168 506 179 
1 364 290 295 306 277 346 299 367 346 359 
1 426 358 357 373 342 411 364 434 408 425 
1 493 423 422 439 406 478 428 499 473 490 
1 234 157 174 167 163 203 179 219 222 216 
1 356 120 422 102 431 58 411 40 375 53 
1 180 105 117 99 97 133 109 153 151 159 
1 887 130 885 196 939 207 964 185 953 131 
1 973 112 1028 147 1072 105 1066 73 1012 56 
