1 425 519 364 543 369 585 391 598 426 584 
1 410 463 349 452 331 488 339 507 378 516 
1 370 424 346 372 306 376 296 396 313 433 
1 559 464 543 537 578 569 610 561 614 517 
1 649 436 631 510 671 542 699 533 705 487 
1 414 379 410 307 371 290 346 306 348 354 
1 489 361 505 289 474 255 447 264 432 310 
1 579 332 597 262 568 228 537 237 524 282 
1 672 306 688 231 659 198 629 208 616 254 
1 834 377 818 445 855 473 881 469 886 428 
1 856 247 876 186 848 157 824 164 809 208 
1 931 220 966 165 945 131 920 130 893 168 
1 1095 336 1118 270 1085 242 1050 251 1039 295 
1 1201 306 1224 236 1190 209 1156 218 1143 263 
