1 99 316 177 225 134 165 89 164 37 216 
1 256 290 293 228 266 187 236 188 213 233 
1 390 316 457 195 400 133 349 142 308 209 
1 518 263 554 210 525 174 497 177 472 216 
1 650 279 712 182 660 129 617 132 572 189 
1 777 251 814 188 783 147 755 149 733 195 
1 910 263 974 162 923 115 873 116 833 172 
1 1037 223 1074 173 1046 137 1018 138 993 178 
1 1171 232 1234 133 1179 85 1133 89 1090 143 
1 938 499 908 533 930 560 956 558 970 529 
1 1024 481 1000 536 1022 559 1041 558 1057 529 
1 1113 475 1089 527 1108 553 1128 549 1143 521 
