1 473 480 489 441 465 429 446 434 440 459 
1 552 399 567 425 583 421 591 407 581 393 
1 652 441 613 461 618 485 637 495 658 481 
1 550 343 564 371 583 367 590 352 582 335 
1 576 275 592 308 619 305 626 286 614 265 
1 609 205 625 239 651 235 659 217 647 194 
1 640 134 658 169 682 163 690 145 677 122 
1 961 188 926 122 885 136 873 163 890 201 
1 987 94 970 59 945 64 936 82 949 103 
1 898 292 881 256 856 261 848 279 861 301 
1 782 573 748 508 708 522 697 547 713 585 
1 972 479 1003 538 1045 529 1056 504 1041 465 
