1 220 231 189 239 184 261 196 270 218 266 
1 347 254 386 283 408 262 407 241 386 223 
1 360 402 398 431 420 412 420 392 397 372 
1 546 397 527 380 511 391 511 403 527 413 
1 554 343 520 319 501 336 502 356 524 367 
1 532 187 520 177 508 186 510 193 521 197 
1 405 79 436 97 452 81 451 65 430 54 
1 523 166 514 151 502 157 500 164 510 173 
1 622 390 644 407 660 396 660 381 644 369 
1 622 451 650 468 666 456 666 442 648 429 
1 619 560 651 582 668 567 667 550 650 534 
1 1135 448 1189 425 1181 397 1162 385 1134 392 
