1 224 489 234 421 191 407 169 425 161 470 
1 341 425 350 357 308 345 286 357 280 406 
1 421 344 430 283 393 274 369 290 362 331 
1 595 222 598 167 562 152 541 169 542 207 
1 702 148 703 97 670 84 648 99 649 135 
1 821 86 827 42 793 24 777 34 779 76 
1 470 522 462 589 510 605 535 588 532 538 
1 545 447 539 512 582 523 607 504 607 458 
1 724 336 720 402 766 418 791 399 785 354 
1 797 267 801 343 852 363 877 345 869 294 
1 934 195 937 267 986 287 1012 271 999 220 
1 1054 113 1052 173 1096 187 1120 170 1114 128 
