1 330 555 367 588 396 569 396 543 370 526 
1 330 436 387 511 433 487 443 452 421 406 
1 406 191 461 265 509 244 521 207 494 162 
1 449 70 501 142 550 120 558 88 534 42 
1 187 296 156 254 125 261 118 288 138 312 
1 254 164 190 84 144 107 131 146 155 191 
1 741 501 700 483 683 506 690 530 720 541 
1 762 420 737 385 712 392 704 415 724 434 
1 781 351 760 309 728 319 721 341 738 366 
1 845 320 890 302 884 272 860 261 835 276 
1 917 339 955 324 950 300 928 288 907 306 
1 987 364 1032 342 1025 312 1002 300 976 317 
1 1103 48 1059 85 1065 118 1089 127 1117 105 
