1 382 42 340 78 351 112 375 119 400 96 
1 501 92 463 116 473 146 495 153 516 132 
1 861 212 828 235 832 260 854 268 874 253 
1 1156 343 1180 378 1209 369 1213 353 1195 329 
1 995 592 1033 567 1024 539 1004 533 982 550 
1 712 504 750 476 743 444 724 437 702 461 
1 623 461 657 441 646 411 630 406 608 425 
1 397 392 434 369 424 344 405 338 381 354 
1 297 363 335 335 325 306 304 300 282 319 
1 207 338 243 306 236 275 217 269 193 290 
1 124 288 150 271 143 250 132 247 117 262 
1 28 283 66 253 56 217 36 213 12 237 
