1 15 284 52 335 87 313 93 285 65 256 
1 366 538 316 492 280 512 277 541 306 572 
1 388 339 338 294 302 314 296 339 326 371 
1 385 239 339 195 299 214 294 244 325 273 
1 422 143 374 96 338 113 334 140 363 177 
1 612 272 662 328 702 301 707 273 675 246 
1 601 371 650 417 692 398 694 367 657 341 
1 578 468 628 515 667 494 670 464 638 436 
1 746 538 795 487 776 448 747 444 718 481 
1 1000 562 961 515 926 535 922 566 947 594 
1 1031 386 979 343 938 362 936 396 971 423 
1 1043 280 1006 236 967 256 965 287 995 312 
