1 340 247 305 313 338 335 369 330 386 292 
1 695 300 733 318 754 300 750 282 724 272 
1 839 297 804 311 810 336 827 344 846 334 
1 909 291 886 279 872 287 874 303 889 311 
1 894 318 877 313 871 320 875 331 885 333 
1 932 311 902 308 897 328 905 339 923 341 
1 992 281 998 299 1014 291 1015 284 1005 269 
1 995 305 1011 333 1028 328 1033 316 1023 301 
1 1094 155 1080 190 1099 207 1117 200 1125 178 
1 1128 272 1090 257 1074 275 1080 293 1102 299 
1 1148 171 1116 187 1120 212 1139 218 1158 203 
1 1174 143 1158 175 1177 193 1192 188 1203 167 
1 1201 188 1176 212 1187 233 1205 236 1222 220 
1 1175 248 1183 286 1205 289 1219 276 1215 253 
1 271 251 235 236 217 253 220 276 244 281 
1 228 227 264 245 283 227 280 209 256 201 
