1 361 552 328 560 331 587 344 594 366 584 
1 399 492 380 558 423 570 446 559 452 521 
1 486 448 475 521 514 539 541 528 549 483 
1 575 404 560 468 599 482 623 472 628 432 
1 660 363 649 426 688 441 714 429 716 390 
1 748 323 737 388 776 402 801 390 804 348 
1 855 267 843 332 881 345 904 333 912 293 
1 868 106 937 116 952 76 939 56 898 44 
1 825 149 838 84 800 69 777 81 767 120 
1 734 194 749 128 710 113 687 124 677 164 
1 560 280 570 213 534 198 512 212 500 251 
1 467 318 482 255 444 240 419 254 407 290 
1 368 375 379 308 340 291 315 304 309 343 
1 276 417 293 348 255 335 228 349 219 387 
1 223 464 202 407 166 412 153 433 160 471 
1 259 494 226 502 226 524 243 534 257 520 
