1 206 470 268 455 272 409 256 396 213 412 
1 627 521 608 462 565 463 552 481 568 521 
1 643 554 687 507 668 468 642 467 617 502 
1 677 533 683 597 728 600 751 581 734 536 
1 736 334 746 402 794 401 812 380 800 338 
1 802 254 810 315 851 320 869 298 866 257 
1 882 178 899 272 955 266 983 234 970 182 
1 344 296 360 352 396 344 414 319 404 282 
1 309 376 298 320 254 313 238 331 252 369 
1 363 281 349 229 307 223 292 239 308 282 
1 457 223 446 165 405 167 387 190 395 227 
1 526 147 499 41 433 47 410 80 414 148 
1 541 120 553 179 597 184 616 158 605 120 
1 772 198 710 208 712 245 735 263 769 257 
1 200 86 219 145 264 147 284 121 265 82 
