1 105 143 77 179 89 209 113 211 133 186 
1 202 140 160 178 180 213 208 216 230 185 
1 298 155 264 184 276 215 301 219 321 189 
1 389 143 350 194 366 233 396 234 422 200 
1 482 163 439 207 458 240 488 244 514 213 
1 604 322 646 356 679 341 679 315 653 300 
1 667 187 626 224 646 260 674 262 696 232 
1 760 202 728 231 740 261 762 264 784 236 
1 853 203 820 247 833 274 859 275 877 246 
1 943 213 905 252 927 285 957 286 978 254 
1 1037 221 998 261 1021 292 1047 294 1069 265 
1 1170 249 1132 285 1151 315 1177 316 1203 290 
