1 399 138 381 166 392 179 409 178 419 161 
1 635 135 620 162 632 184 649 182 661 159 
1 651 338 618 387 644 409 673 407 695 379 
1 1081 332 1067 355 1079 369 1095 369 1105 354 
1 35 397 93 401 104 368 93 354 54 344 
1 129 551 188 558 198 519 182 499 148 498 
1 207 631 241 627 249 604 234 595 214 600 
1 342 719 372 704 369 680 354 675 332 687 
1 425 747 474 711 461 674 436 668 407 688 
1 658 759 670 725 652 709 634 716 626 739 
1 691 718 714 687 697 668 681 672 671 692 
1 774 753 786 714 762 704 749 711 739 731 
1 888 743 899 707 877 695 861 701 858 724 
1 918 701 939 673 926 654 906 655 898 675 
1 1026 738 1037 703 1017 690 1004 696 997 719 
1 1061 692 1079 663 1066 642 1050 645 1038 667 
