1 518 427 536 401 522 384 509 386 497 404 
1 425 435 447 409 434 391 416 393 406 411 
1 190 470 209 443 191 425 177 429 169 451 
1 101 727 86 761 99 782 116 780 127 753 
1 202 724 197 761 218 771 238 760 237 735 
1 427 728 408 756 422 782 434 780 449 756 
1 914 852 883 832 866 849 868 863 889 877 
1 915 714 897 744 910 765 924 766 938 743 
1 1173 695 1156 725 1168 742 1186 742 1196 725 
1 1301 645 1277 704 1304 731 1328 729 1355 703 
1 1279 392 1313 341 1286 313 1263 316 1242 344 
1 1020 409 1059 353 1027 325 1001 327 980 359 
1 920 421 958 364 927 332 902 335 880 367 
1 1139 109 1109 156 1137 178 1159 177 1183 151 
