1 154 406 170 378 153 363 141 366 130 386 
1 369 370 387 348 377 331 361 332 351 349 
1 453 365 471 344 458 324 444 325 434 344 
1 67 640 56 671 68 690 82 688 92 663 
1 161 635 159 669 177 675 191 669 191 648 
1 367 638 353 666 362 687 375 689 387 665 
1 374 930 396 899 377 879 365 882 354 902 
1 715 832 699 863 712 887 728 885 738 863 
1 923 885 956 842 926 817 905 820 885 846 
1 817 754 791 736 772 749 774 763 793 777 
1 818 625 803 654 813 673 827 673 841 655 
1 1056 611 1040 638 1053 654 1068 654 1078 636 
1 1176 562 1153 620 1177 643 1201 641 1225 618 
1 1280 558 1253 613 1282 643 1305 639 1325 608 
1 1252 330 1284 278 1256 250 1234 251 1215 283 
1 1158 329 1189 286 1166 265 1144 265 1128 291 
1 919 351 954 298 927 272 897 273 882 303 
1 825 358 859 308 834 282 808 284 787 313 
1 1029 72 1005 115 1027 137 1046 135 1071 111 
