1 55 661 86 727 128 716 142 696 127 649 
1 176 464 193 497 214 498 229 485 216 458 
1 327 284 331 318 354 334 364 323 363 292 
1 410 234 405 269 428 279 438 272 446 249 
1 508 175 485 242 516 268 550 259 568 217 
1 652 150 615 205 640 240 666 240 700 206 
1 760 191 741 226 755 242 770 242 790 225 
1 900 184 881 212 895 236 905 236 925 214 
1 1036 177 1016 207 1028 230 1043 229 1061 209 
1 1077 126 1070 169 1090 185 1105 181 1113 155 
1 989 907 1015 868 995 842 978 840 964 867 
1 1135 822 1201 868 1231 834 1230 808 1197 779 
1 1217 642 1243 608 1227 587 1207 587 1191 611 
1 1300 635 1322 603 1304 580 1287 580 1272 604 
