1 128 797 116 824 124 840 135 840 146 823 
1 224 728 200 710 185 722 184 732 198 745 
1 312 848 343 810 320 788 304 789 281 815 
1 227 611 210 637 219 655 235 657 246 638 
1 451 605 436 628 446 646 456 646 467 628 
1 564 563 540 615 559 637 578 635 608 613 
1 663 559 637 610 654 634 680 634 697 606 
1 868 557 826 601 838 631 856 635 890 614 
1 956 593 904 624 913 650 934 661 963 649 
1 1034 642 984 655 985 686 999 699 1035 696 
1 1163 800 1110 791 1100 825 1110 842 1143 846 
1 1280 93 1299 138 1328 131 1334 116 1331 86 
1 1098 140 1073 84 1040 91 1030 110 1039 141 
1 946 283 953 230 924 220 905 231 899 263 
1 860 322 879 265 851 245 831 253 813 286 
1 656 344 686 292 666 264 642 266 622 296 
1 565 339 596 296 574 272 555 272 537 299 
1 457 73 428 118 449 146 471 143 493 117 
1 331 354 373 300 344 279 318 278 301 307 
1 246 358 279 311 253 281 229 284 207 311 
