1 379 82 325 49 296 74 297 97 329 120 
1 350 165 318 147 297 161 297 177 320 189 
1 323 232 302 217 296 226 294 234 304 246 
1 320 279 297 261 282 271 281 279 295 294 
1 216 374 189 401 195 427 214 430 231 410 
1 468 445 501 419 492 392 477 389 454 406 
1 432 282 448 267 439 256 428 256 424 266 
1 479 278 490 265 484 253 473 253 467 266 
1 363 616 298 577 268 606 269 634 297 665 
1 385 823 330 777 298 813 297 839 329 868 
1 682 780 647 834 672 865 703 865 730 833 
1 784 778 754 837 779 872 809 871 834 834 
1 905 784 857 858 894 892 939 889 969 851 
1 1192 754 1161 814 1194 849 1220 847 1247 813 
1 1276 462 1266 428 1242 424 1231 435 1237 459 
