1 270 327 266 368 282 377 299 368 302 349 
1 325 337 312 385 340 405 361 397 370 361 
1 483 279 535 321 559 296 560 270 544 245 
1 553 413 623 422 630 389 616 362 589 354 
1 584 448 627 505 656 483 663 459 651 434 
1 120 634 60 694 80 723 98 728 134 713 
1 158 701 122 720 127 750 139 757 167 737 
1 218 633 141 638 132 670 144 695 175 708 
1 289 698 274 792 323 809 349 792 369 747 
1 352 723 365 659 333 639 306 651 298 692 
1 675 592 717 627 743 603 744 578 712 559 
1 756 578 733 625 753 649 778 647 789 618 
