1 178 73 138 46 117 63 119 87 133 108 
1 187 156 134 123 103 142 102 166 128 191 
1 166 232 109 202 89 222 88 243 114 271 
1 243 235 198 204 184 219 181 248 196 264 
1 249 313 198 286 177 300 175 326 195 349 
1 160 317 105 279 80 302 79 328 102 353 
1 171 398 119 366 106 384 107 407 122 424 
1 241 474 191 445 175 464 173 490 194 507 
1 157 481 111 451 95 468 93 490 112 508 
1 186 560 131 522 102 547 100 575 130 598 
1 256 562 225 533 205 546 203 563 216 580 
1 147 646 98 608 67 633 69 657 90 681 
1 199 649 177 627 159 636 157 647 171 662 
1 259 645 228 618 206 634 207 652 228 669 
1 157 731 125 714 101 722 101 739 123 750 
1 293 646 275 672 287 687 302 687 310 672 
1 275 816 249 799 228 809 229 828 249 833 
1 284 869 251 847 226 863 228 879 249 892 
1 340 72 386 95 405 81 403 54 382 39 
1 428 67 477 95 494 78 493 57 478 42 
1 345 146 392 180 407 161 407 134 390 119 
1 322 232 381 267 404 240 401 214 374 195 
1 346 316 390 347 408 324 411 304 395 284 
1 367 391 395 419 418 404 419 384 396 368 
1 355 475 416 514 443 486 439 463 410 435 
1 347 554 397 588 413 568 417 543 397 522 
1 448 146 481 170 503 151 504 134 480 117 
1 432 229 483 265 515 239 512 209 486 192 
1 434 309 480 334 499 313 495 293 481 277 
1 444 391 492 418 507 399 509 378 494 363 
1 454 470 482 499 507 483 504 465 483 449 
1 442 554 493 587 516 562 510 543 490 525 
1 351 719 399 772 433 746 431 716 407 689 
1 359 809 408 840 428 819 424 801 399 781 
1 351 890 405 933 434 902 436 877 410 852 
1 451 889 505 920 534 896 534 878 500 848 
1 451 804 496 835 516 814 519 796 496 777 
1 448 719 499 745 518 726 516 701 496 687 
1 440 637 499 678 525 650 528 622 499 596 
1 566 43 531 24 512 32 510 44 531 63 
1 627 46 596 27 575 34 577 49 596 66 
1 565 116 537 98 521 112 523 125 541 137 
1 573 184 541 165 517 175 519 187 537 202 
1 587 251 552 232 535 241 536 253 554 267 
1 654 253 620 232 603 243 604 263 624 273 
1 574 325 540 302 521 313 522 324 542 343 
1 645 322 614 290 593 315 593 333 614 351 
1 585 394 557 371 533 384 534 399 549 416 
1 660 390 630 368 609 381 611 400 626 415 
1 566 461 546 443 531 457 531 469 544 476 
1 628 461 591 436 575 454 577 468 591 481 
1 687 458 655 442 637 454 635 463 660 480 
1 656 534 623 513 604 523 602 534 618 554 
1 591 531 560 516 540 528 539 540 554 555 
1 584 607 550 590 528 598 531 610 552 627 
1 660 603 623 581 601 595 601 614 625 629 
1 643 671 603 651 584 666 584 679 610 696 
1 570 675 545 654 536 666 537 680 549 692 
1 642 745 614 725 599 737 596 752 612 766 
1 578 743 545 724 525 742 524 756 544 772 
1 618 819 601 803 581 817 581 823 600 834 
1 609 887 578 860 557 876 557 894 576 912 
1 670 887 655 875 634 880 633 891 653 905 
1 739 38 774 59 797 45 797 33 774 23 
1 817 37 850 60 867 45 870 28 852 13 
1 883 32 918 54 939 35 936 23 914 14 
1 946 35 980 55 999 35 999 24 979 16 
1 779 106 812 133 833 115 834 99 813 81 
1 869 105 903 133 923 113 921 99 900 83 
1 955 104 988 132 1012 110 1010 92 987 80 
1 828 176 868 205 883 186 881 164 866 146 
1 900 174 945 203 958 184 958 158 940 140 
1 751 250 783 278 800 252 801 239 779 222 
1 819 247 851 273 875 251 874 235 849 217 
1 887 244 923 268 944 249 941 236 922 226 
1 958 244 991 268 1013 250 1012 241 992 227 
1 945 315 986 344 1013 325 1012 301 988 286 
1 857 317 898 347 921 327 922 308 899 291 
1 785 319 817 343 843 328 844 317 820 302 
1 784 386 820 411 839 399 841 380 816 361 
1 870 386 902 411 927 392 925 370 902 355 
1 946 383 975 408 1000 389 999 373 979 359 
1 757 462 782 475 794 458 791 445 775 436 
1 808 457 847 483 865 462 862 445 842 425 
1 900 456 938 482 958 465 958 444 938 426 
1 811 532 846 551 866 534 866 523 847 511 
1 889 523 925 545 945 532 945 517 923 503 
1 966 525 1000 541 1019 522 1018 513 1000 500 
1 1169 572 1183 521 1163 510 1141 513 1125 535 
1 807 599 838 619 862 601 858 588 834 578 
1 882 598 916 618 935 602 936 588 915 575 
1 951 593 986 613 1004 594 1005 586 984 572 
1 779 669 838 709 866 682 865 657 837 633 
1 941 668 1002 699 1029 672 1025 645 995 628 
1 823 739 857 769 880 749 878 727 860 713 
1 895 741 928 767 950 750 950 730 928 711 
1 965 738 998 767 1020 744 1022 724 998 714 
1 765 814 804 838 825 816 822 802 799 792 
1 841 807 878 835 895 814 897 802 876 788 
1 910 812 949 831 967 809 967 796 942 789 
1 978 813 1010 833 1033 817 1033 806 1013 793 
1 787 883 813 905 829 890 826 875 811 866 
1 841 887 861 904 878 895 880 883 866 872 
1 897 879 928 906 951 887 954 869 930 849 
1 977 878 1011 909 1036 888 1033 870 1013 856 
