1 22 38 55 33 61 8 53 2 30 8 
1 245 143 249 175 274 180 281 168 275 148 
1 299 112 287 146 302 163 318 159 326 140 
1 408 89 390 117 402 137 416 137 430 117 
1 215 219 246 231 258 208 257 198 229 197 
1 256 281 281 271 282 246 269 239 252 256 
1 296 289 321 288 334 262 326 255 302 261 
1 344 362 377 351 381 323 371 316 349 329 
1 399 388 426 366 422 340 411 336 394 353 
1 499 351 523 323 513 297 499 295 485 315 
1 590 329 614 301 609 276 598 274 580 294 
1 738 337 742 299 723 280 710 286 705 316 
1 609 21 589 75 611 98 638 92 646 68 
1 686 16 661 57 684 79 707 76 720 48 
1 757 5 735 43 757 69 780 62 791 34 
1 779 290 775 252 754 238 740 247 745 275 
1 862 234 878 261 902 257 905 248 890 230 
1 1330 262 1323 297 1338 312 1347 310 1356 288 
1 899 376 907 407 927 410 937 403 929 382 
1 860 432 857 466 874 478 886 468 885 447 
1 825 441 810 472 822 485 836 481 843 463 
1 777 438 765 466 777 481 795 482 802 461 
1 678 445 667 482 681 498 696 496 707 476 
1 628 447 618 482 631 498 643 495 655 473 
1 422 524 434 555 456 556 462 548 454 530 
1 416 561 420 599 441 604 451 596 447 574 
1 396 630 410 662 432 658 437 650 430 629 
1 346 638 316 659 325 677 334 680 351 669 
1 377 643 366 675 385 691 393 687 401 664 
1 578 588 539 575 518 589 522 605 542 615 
1 294 769 322 759 323 733 318 727 293 740 
1 407 799 424 776 414 752 401 752 389 772 
1 452 823 472 795 464 770 452 768 436 789 
1 522 813 525 774 505 757 493 762 491 792 
1 590 760 613 735 605 708 591 706 576 723 
1 660 871 649 904 666 914 673 913 686 894 
1 716 739 719 703 701 686 690 691 686 718 
1 791 732 811 705 810 677 797 675 777 696 
1 865 728 873 691 853 674 841 676 834 703 
1 935 673 971 665 974 635 964 629 943 635 
1 937 727 959 758 984 748 987 738 972 719 
1 950 836 955 872 973 881 985 873 980 855 
1 912 839 903 874 918 888 931 888 937 868 
1 867 850 856 882 872 896 880 895 889 877 
1 1213 727 1225 693 1208 671 1198 674 1184 695 
