1 155 247 102 319 135 355 168 356 206 314 
1 266 253 234 299 254 323 276 327 292 295 
1 410 387 370 353 349 381 348 400 374 421 
1 424 246 395 283 408 310 436 313 455 291 
1 676 231 644 279 661 311 689 313 709 279 
1 860 248 839 272 846 294 857 299 874 285 
1 931 230 911 266 927 293 941 293 963 264 
1 1013 221 985 265 999 290 1026 293 1042 265 
1 1062 223 1057 275 1084 293 1106 278 1108 243 
1 1082 187 1104 226 1142 221 1149 204 1129 172 
1 1064 116 1085 146 1104 140 1113 128 1098 115 
1 243 694 216 669 197 670 190 682 204 700 
1 267 646 262 606 233 597 217 617 216 645 
1 386 625 412 586 395 559 369 562 356 591 
1 462 630 492 593 475 556 452 557 438 584 
1 559 626 585 585 566 554 543 555 526 584 
1 659 634 685 587 665 556 642 554 619 580 
1 776 620 806 579 791 552 767 552 745 579 
1 870 621 895 584 874 556 858 558 841 579 
1 1067 610 1093 573 1076 544 1052 544 1037 566 
1 1247 632 1278 656 1298 637 1296 621 1276 612 
1 1240 682 1256 717 1281 722 1290 712 1288 690 
1 1222 715 1208 747 1226 765 1242 762 1249 743 
1 1156 706 1142 737 1159 754 1175 752 1183 731 
1 1016 720 968 793 999 831 1041 830 1072 790 
1 656 775 595 836 618 879 657 886 696 851 
1 522 759 489 782 495 811 508 820 539 806 
1 435 755 409 790 424 823 443 823 464 794 
1 372 762 348 786 346 802 357 807 375 799 
