1 394 101 380 70 350 79 346 90 354 110 
1 404 60 409 31 387 22 372 31 371 47 
1 519 172 543 209 570 201 574 188 561 163 
1 556 86 599 150 637 140 649 119 638 81 
1 613 9 628 40 651 32 660 20 647 4 
1 860 285 863 240 847 230 830 236 824 260 
1 987 366 989 419 1022 427 1039 416 1037 384 
1 1222 223 1219 287 1261 311 1291 299 1290 254 
1 1207 753 1193 810 1222 825 1239 817 1255 781 
1 1272 751 1298 746 1296 722 1287 719 1275 725 
1 1226 654 1254 670 1266 651 1262 642 1246 636 
1 1286 525 1275 551 1286 561 1294 561 1304 548 
1 1070 594 1082 557 1063 536 1040 544 1036 569 
