1 228 498 127 530 134 583 175 615 234 601 
1 170 416 107 357 59 388 52 427 81 462 
1 229 335 210 262 165 268 140 298 146 341 
1 523 503 568 486 567 456 547 445 519 457 
1 438 310 460 371 499 368 518 340 505 305 
1 349 145 335 105 305 105 292 121 302 146 
1 582 150 598 188 626 187 638 169 629 148 
1 628 82 642 118 668 116 679 99 669 77 
1 791 301 823 266 809 238 788 237 768 261 
1 967 365 930 331 907 343 904 368 927 386 
1 974 180 935 151 908 163 906 184 932 202 
1 1100 449 1093 493 1119 507 1143 497 1144 469 
1 1157 382 1184 422 1208 414 1215 389 1200 371 
1 1161 304 1194 335 1214 319 1214 297 1194 281 
1 1148 218 1190 246 1215 232 1215 212 1189 195 
