1 685 206 648 224 655 246 666 253 691 252 
1 890 179 855 195 862 216 873 223 902 219 
1 946 207 923 216 923 236 932 242 951 234 
1 832 312 810 316 812 330 817 338 834 332 
1 784 372 806 400 825 394 828 386 820 372 
1 776 418 780 439 802 437 806 429 798 409 
1 721 496 731 526 751 517 757 506 752 488 
1 702 541 708 567 733 563 737 555 727 533 
1 666 745 641 750 642 770 651 776 673 771 
1 606 797 586 799 588 822 598 829 617 819 
1 664 808 630 820 633 836 650 848 667 843 
1 703 847 681 852 683 870 691 876 713 869 
1 1267 12 1253 12 1256 26 1262 31 1272 24 
