1 456 55 427 37 412 54 412 66 430 81 
1 462 130 433 108 417 124 416 139 436 156 
1 553 85 583 108 601 88 598 73 579 58 
1 566 220 605 245 626 223 627 204 602 188 
1 473 260 441 235 426 254 427 270 443 285 
1 486 319 457 299 439 313 441 329 459 346 
1 489 391 456 370 443 386 444 405 460 414 
1 490 451 457 430 444 448 444 463 462 477 
1 493 523 460 502 445 518 445 535 464 553 
1 504 595 468 572 454 590 456 606 472 625 
1 507 665 473 642 459 661 461 676 479 694 
1 691 394 714 360 696 344 680 344 665 361 
1 597 488 580 514 591 531 608 531 616 515 
1 668 479 652 508 665 528 680 528 692 505 
1 626 698 651 658 631 635 615 635 592 658 
1 691 691 716 656 697 642 679 644 664 660 
1 826 689 850 646 829 625 813 626 795 649 
1 891 682 913 644 896 621 878 622 865 645 
1 484 793 459 841 481 859 495 858 515 835 
1 550 791 529 836 548 853 568 852 583 831 
1 615 783 592 830 612 849 629 848 648 825 
1 682 777 661 826 677 845 694 845 718 823 
1 747 774 728 822 746 841 764 840 778 816 
1 811 771 787 812 808 832 826 832 843 807 
1 878 763 857 802 874 824 887 824 908 798 
