1 147 142 185 167 199 149 197 135 179 118 
1 149 197 181 220 198 205 198 193 178 176 
1 155 347 174 364 192 351 192 342 180 326 
1 147 401 184 418 201 405 201 392 182 376 
1 150 451 184 476 203 460 201 445 182 432 
1 289 468 310 442 295 430 282 432 269 447 
1 401 462 424 426 405 408 392 410 377 426 
1 541 360 518 341 508 356 510 368 521 383 
1 618 377 645 395 657 384 655 373 642 363 
1 621 436 650 455 661 443 661 434 647 423 
1 786 204 756 186 736 202 737 214 758 231 
1 792 256 759 240 740 253 743 269 761 282 
1 797 363 764 342 752 361 753 375 769 385 
1 799 418 764 395 749 412 748 427 767 442 
1 851 214 882 238 903 222 900 210 883 194 
1 860 266 888 284 911 273 905 258 887 249 
1 864 321 901 338 916 322 913 308 897 293 
1 870 372 902 391 919 375 917 364 900 346 
1 870 424 909 449 925 427 921 415 903 402 
1 877 479 914 503 926 484 924 471 909 457 
1 879 534 918 555 934 540 929 526 915 510 
1 209 547 192 575 206 591 219 590 236 573 
1 261 545 242 575 255 588 266 588 281 575 
1 321 542 302 574 316 585 329 586 345 572 
1 430 537 411 564 428 580 438 580 452 566 
1 482 523 462 555 477 566 486 568 500 553 
1 542 524 525 553 536 566 549 566 565 553 
1 592 527 577 550 590 565 602 564 613 549 
1 652 527 638 551 647 564 659 564 673 550 
1 714 516 695 548 710 559 721 559 731 541 
1 772 516 755 544 769 557 783 555 790 536 
1 1011 312 1023 308 1014 298 1008 298 1000 304 
1 1052 410 1023 404 1025 423 1031 432 1051 437 
1 1153 353 1154 327 1137 320 1126 327 1123 344 
1 1178 308 1157 344 1177 359 1188 359 1204 342 
1 1165 372 1182 402 1199 395 1204 384 1197 366 
1 1178 408 1135 422 1141 447 1152 457 1177 454 
1 1239 459 1203 468 1204 494 1213 502 1239 497 
1 1198 412 1224 429 1236 416 1235 405 1221 392 
1 1266 349 1248 351 1246 364 1258 371 1268 365 
1 1299 374 1283 368 1273 378 1278 388 1289 389 
1 1313 509 1346 503 1341 486 1332 480 1312 480 
1 1342 472 1369 469 1370 451 1359 443 1340 446 
