1 46 714 69 679 53 662 34 664 20 679 
1 75 799 52 825 68 838 83 835 95 823 
1 126 779 106 814 118 825 131 825 146 811 
1 189 782 168 810 184 827 197 827 207 809 
1 240 779 219 811 238 828 249 825 260 808 
1 301 782 284 811 299 824 312 824 324 808 
1 365 773 347 806 358 817 371 817 387 802 
1 428 774 407 801 419 814 436 814 450 795 
1 277 692 299 706 314 695 313 685 298 672 
1 275 626 301 645 310 632 310 626 292 612 
1 196 608 169 588 158 606 156 616 170 635 
1 456 668 423 647 403 662 404 677 425 695 
1 454 612 425 586 408 605 411 621 431 633 
1 454 499 419 477 401 495 403 510 423 521 
1 451 447 419 427 400 440 401 455 418 469 
1 522 457 551 476 568 463 567 446 548 433 
1 525 511 555 530 573 515 572 503 552 489 
1 523 566 562 586 576 568 575 553 558 541 
1 526 621 564 642 580 623 577 612 560 596 
1 528 677 568 701 584 684 584 663 562 654 
1 531 734 572 758 586 741 584 723 568 711 
1 534 795 573 818 588 797 585 786 571 764 
1 811 363 829 359 830 348 825 344 815 345 
1 676 561 689 556 683 546 673 547 664 554 
1 715 662 683 660 684 677 690 686 706 692 
1 845 663 801 677 803 701 816 712 837 706 
1 821 605 821 573 805 571 795 575 786 597 
1 845 558 825 595 843 612 854 612 875 591 
1 832 625 846 653 864 647 868 636 862 618 
1 867 664 890 686 903 668 903 656 890 642 
1 934 596 917 602 917 616 925 620 936 614 
1 966 623 948 616 942 628 945 638 958 640 
1 905 712 864 723 866 749 878 761 900 751 
1 976 765 1010 760 1010 743 998 737 979 734 
1 1008 732 1042 724 1037 705 1028 700 1010 697 
1 1038 695 1070 688 1065 668 1056 663 1037 662 
1 1068 657 1098 653 1097 633 1085 624 1065 625 
1 1097 620 1127 616 1125 599 1116 589 1098 588 
1 1128 586 1158 580 1151 560 1143 556 1125 554 
1 1179 520 1147 527 1151 545 1158 553 1182 553 
1 1208 484 1179 490 1180 508 1189 517 1206 516 
1 1236 449 1206 455 1209 474 1221 483 1236 479 
1 1293 377 1263 384 1264 403 1275 410 1292 411 
1 1318 347 1288 351 1292 369 1300 377 1320 377 
