1 188 562 209 536 191 516 170 519 159 542 
1 248 544 272 534 255 510 238 511 227 536 
1 306 533 332 519 309 501 302 502 282 526 
1 342 604 373 573 353 547 327 553 312 578 
1 384 554 414 505 389 480 360 487 341 516 
1 468 527 491 498 473 474 449 476 436 507 
1 540 515 570 486 548 460 525 462 512 490 
1 648 484 669 468 651 447 631 450 616 473 
1 586 568 607 558 594 538 578 540 571 560 
1 654 556 678 538 655 519 638 523 622 547 
1 727 547 749 508 729 490 712 493 698 514 
1 1203 308 1186 327 1200 342 1215 341 1221 321 
1 1267 287 1242 322 1263 345 1289 345 1307 314 
1 1347 274 1323 311 1342 338 1366 331 1371 298 
