1 78 798 130 837 166 806 162 779 133 753 
1 78 699 133 728 167 706 162 680 134 653 
1 338 666 332 705 353 719 368 712 373 681 
1 235 388 276 331 250 301 223 302 201 338 
1 391 364 341 332 310 358 315 394 339 413 
1 420 239 365 207 345 233 348 254 369 273 
1 679 189 644 166 624 184 627 201 650 211 
1 960 287 896 251 877 278 880 305 915 330 
1 982 436 919 393 898 423 903 458 933 484 
1 1168 866 1233 891 1257 867 1252 839 1222 814 
1 1175 763 1203 784 1224 772 1222 753 1200 746 
1 1141 299 1204 329 1224 297 1215 269 1182 254 
1 1060 143 1126 139 1125 102 1103 81 1067 76 
1 1261 133 1247 109 1228 109 1222 125 1238 138 
1 1336 271 1311 255 1300 268 1303 284 1320 291 
