1 985 167 1010 188 1030 175 1026 161 1010 146 
1 1048 268 990 276 989 312 1002 327 1030 329 
1 851 317 830 299 813 308 816 321 828 333 
1 826 416 799 404 789 416 790 429 806 439 
1 1133 466 1158 462 1165 447 1152 435 1133 440 
1 1192 488 1219 505 1229 484 1223 473 1209 463 
1 1133 594 1159 614 1176 601 1174 581 1159 572 
1 1146 630 1165 656 1185 650 1186 642 1177 622 
1 1047 560 1017 538 1003 550 1003 564 1019 579 
1 1050 695 1027 679 1011 690 1010 705 1024 715 
1 1005 740 992 712 975 712 966 727 977 748 
1 828 702 887 738 915 709 914 688 879 657 
1 831 596 853 615 869 603 866 590 848 581 
1 591 591 578 616 589 636 606 632 607 613 
1 372 756 347 737 328 749 329 764 343 776 
1 311 592 301 564 283 565 274 578 283 596 
1 157 789 214 815 238 778 234 756 201 740 
1 90 600 164 598 165 558 147 536 110 528 
