1 789 291 822 282 823 262 813 250 793 257 
1 907 310 875 368 900 390 923 388 943 364 
1 817 492 788 497 788 515 800 528 814 521 
1 887 585 856 594 859 612 869 620 889 617 
1 1029 706 1057 703 1056 682 1045 675 1026 681 
1 1111 788 1180 762 1167 716 1148 706 1108 715 
1 1245 672 1213 661 1205 678 1213 693 1232 700 
1 1237 607 1211 615 1210 633 1219 639 1234 638 
1 1130 521 1098 522 1097 544 1107 554 1129 551 
1 1111 391 1129 373 1119 351 1107 350 1094 367 
1 1165 361 1193 351 1187 337 1172 327 1158 335 
1 1210 482 1239 471 1239 455 1229 443 1207 448 
1 1241 496 1272 499 1284 484 1273 469 1257 467 
1 868 898 881 927 903 928 910 917 899 896 
