1 1092 227 1113 180 1090 159 1077 160 1064 186 
1 818 397 866 380 867 347 846 333 814 346 
1 683 96 702 45 670 20 644 30 636 63 
1 479 258 483 226 456 212 439 225 441 245 
1 674 217 662 245 677 261 689 261 702 241 
1 616 245 605 277 618 290 630 289 642 269 
1 567 300 540 325 545 345 557 350 578 334 
1 494 350 464 370 462 398 475 404 499 387 
1 508 539 543 499 526 460 503 460 483 490 
1 561 515 599 501 604 477 586 462 559 475 
1 648 586 606 635 629 662 657 665 684 637 
1 865 658 908 704 938 683 937 652 914 626 
1 734 853 786 819 780 777 755 763 720 791 
1 810 819 847 835 868 809 860 793 833 783 
