1 456 317 501 266 482 226 458 225 428 254 
1 585 323 613 284 601 253 586 251 562 277 
1 682 319 723 286 703 249 685 246 662 278 
1 733 306 787 310 792 267 778 256 735 244 
1 720 353 767 397 796 370 792 344 768 323 
1 728 413 764 473 807 469 818 447 796 409 
1 570 453 532 493 556 526 574 526 603 500 
1 444 451 398 504 418 544 446 548 477 514 
1 688 548 642 596 655 647 675 653 708 622 
1 1222 253 1256 213 1235 188 1213 191 1191 218 
1 673 775 689 741 673 717 660 716 648 744 
1 797 783 811 748 796 728 787 728 774 749 
1 858 776 874 738 860 716 847 718 839 736 
1 914 765 939 736 924 710 912 709 899 734 
