1 346 117 393 181 448 156 458 127 420 85 
1 177 304 95 246 37 278 33 325 88 364 
1 236 399 146 369 103 410 113 453 167 470 
1 759 155 715 69 654 81 638 116 667 172 
1 739 552 693 516 655 530 653 550 681 570 
1 858 640 846 694 878 720 895 715 908 673 
1 876 507 873 561 902 581 925 572 927 536 
1 864 395 884 444 919 446 928 432 917 397 
1 884 304 910 352 950 357 960 339 943 306 
1 1233 366 1259 298 1219 266 1191 270 1174 320 
1 1108 751 1136 695 1107 658 1080 661 1063 704 
1 1080 820 1065 743 1019 725 997 748 1007 803 
1 1263 740 1279 830 1331 836 1358 805 1356 750 
