1 365 681 333 676 327 696 332 705 350 706 
1 349 575 330 592 337 613 352 613 365 601 
1 354 561 369 570 379 560 379 551 362 544 
1 487 497 462 504 460 521 470 527 485 527 
1 440 766 466 778 476 762 469 745 457 740 
1 642 688 678 665 677 638 656 630 634 641 
1 686 658 688 669 699 667 701 659 696 649 
1 709 641 709 651 720 651 724 645 720 636 
1 693 584 723 581 730 559 720 551 702 552 
1 709 409 697 422 709 434 715 434 727 420 
1 627 334 629 312 611 307 603 315 603 333 
1 768 330 742 357 747 381 759 387 782 375 
1 836 364 807 374 806 389 819 398 835 398 
1 887 364 858 385 864 402 876 412 897 405 
1 866 428 845 423 842 442 853 449 865 449 
1 932 392 901 403 907 419 918 427 938 426 
1 910 446 883 458 886 473 902 482 915 479 
1 951 453 919 462 922 475 932 484 951 483 
1 979 494 946 506 947 519 958 530 975 528 
1 1064 494 1037 501 1041 514 1050 523 1064 520 
1 1040 504 994 519 992 545 1009 560 1035 554 
1 942 515 915 519 915 537 923 545 941 546 
1 884 267 916 248 908 223 889 220 872 237 
1 729 623 735 634 744 627 744 620 735 613 
1 719 208 730 201 718 194 710 196 706 207 
1 846 407 832 404 831 416 839 422 851 418 
1 812 346 794 357 800 370 810 373 821 365 
1 868 489 861 477 850 485 851 496 863 501 
1 886 406 864 407 867 423 876 429 889 425 
