1 142 80 161 83 170 66 165 56 147 55 
1 433 381 390 382 381 403 390 418 412 424 
1 483 489 450 485 437 510 446 524 472 521 
1 516 546 487 545 479 565 484 575 506 580 
1 738 716 758 728 768 719 767 707 753 705 
1 714 701 736 709 744 694 739 687 726 686 
1 614 561 656 566 668 537 658 519 623 518 
1 591 499 617 508 629 489 622 474 599 471 
1 911 742 874 741 867 765 876 781 899 782 
1 862 527 808 520 802 557 815 577 843 582 
1 767 391 708 388 706 418 717 437 749 442 
1 596 149 565 121 544 132 540 147 552 170 
1 998 488 1031 456 1019 435 1001 430 986 449 
1 1357 458 1306 475 1315 505 1330 520 1363 510 
