1 718 217 741 231 756 216 753 203 733 196 
1 687 436 728 460 745 434 735 412 709 395 
1 703 510 755 535 779 510 770 492 742 473 
1 722 587 776 606 796 580 791 567 758 554 
1 743 664 792 687 812 658 805 640 779 621 
1 676 901 655 892 643 908 648 917 663 926 
1 604 553 556 534 537 560 542 583 569 593 
1 211 343 233 355 247 343 243 331 230 320 
1 300 679 349 722 385 703 382 683 361 655 
1 284 626 331 648 356 623 352 606 323 590 
1 278 559 329 575 343 549 335 525 306 513 
1 133 643 123 623 103 627 100 637 110 650 
