1 267 108 313 105 320 71 305 59 273 59 
1 132 463 87 444 64 476 70 494 106 502 
1 131 566 99 561 93 579 96 588 114 599 
1 429 710 452 676 445 649 435 649 415 669 
1 489 714 509 683 497 658 488 657 477 678 
1 541 719 578 681 559 651 542 646 525 676 
1 629 686 620 650 595 641 586 649 592 678 
1 1091 899 1067 858 1045 854 1037 870 1046 888 
1 1117 850 1102 815 1076 807 1069 815 1079 849 
1 1039 602 1023 622 1030 648 1038 650 1058 630 
1 1008 591 986 622 993 638 1007 642 1017 628 
1 980 619 1000 589 994 563 980 562 965 585 
1 924 565 912 613 930 638 947 634 961 603 
1 881 549 853 591 862 621 878 622 900 592 
1 835 614 866 577 853 545 839 543 819 567 
1 786 542 759 573 769 605 785 604 809 583 
1 573 291 537 303 533 326 541 336 562 328 
1 546 289 595 276 598 239 584 229 550 239 
1 543 240 491 265 486 297 502 315 534 300 
