1 1246 184 1300 163 1289 133 1272 125 1240 131 
1 1290 339 1279 308 1259 313 1253 319 1257 342 
1 1260 388 1251 358 1229 358 1223 369 1228 392 
1 1169 546 1161 510 1140 516 1133 527 1138 553 
1 703 824 733 820 736 793 718 782 695 791 
1 651 784 679 780 675 755 662 748 643 766 
1 530 732 578 704 568 683 547 673 524 675 
1 814 581 790 592 792 612 801 618 823 611 
1 890 554 898 583 918 585 925 579 923 551 
1 924 495 938 532 958 523 964 508 960 488 
1 1095 210 1047 255 1068 293 1084 297 1117 267 
1 979 184 953 192 952 217 960 223 984 215 
