1 1343 594 1332 611 1341 625 1353 625 1358 611 
1 553 118 532 143 544 159 558 159 571 140 
1 597 117 578 139 589 154 603 153 615 139 
1 642 116 625 138 638 151 650 152 659 135 
1 687 107 669 135 684 153 692 153 706 130 
1 734 110 717 137 727 152 741 151 751 132 
1 776 111 763 132 772 146 783 146 798 131 
1 837 108 823 132 836 149 847 147 859 130 
1 915 99 894 128 909 144 923 144 939 124 
1 991 94 972 124 983 142 1004 141 1012 123 
1 1053 102 1037 123 1046 139 1060 139 1072 125 
1 1099 99 1082 123 1093 139 1104 138 1118 123 
1 1190 103 1174 129 1187 149 1199 148 1206 130 
1 1234 102 1218 126 1228 147 1242 147 1254 123 
1 1132 236 1100 222 1080 232 1082 247 1102 258 
1 1337 490 1366 446 1342 420 1322 422 1301 446 
1 1270 476 1289 452 1275 430 1264 433 1254 453 
1 1214 486 1246 447 1221 418 1198 419 1186 448 
1 1153 477 1173 453 1158 437 1148 437 1136 455 
1 1095 499 1127 446 1101 416 1082 418 1063 449 
1 1035 487 1050 457 1038 435 1023 438 1013 458 
1 963 490 999 453 978 424 958 423 935 444 
1 909 484 923 461 915 442 903 442 896 459 
1 855 502 883 456 861 434 847 432 823 459 
1 796 492 814 466 799 444 785 445 777 464 
1 735 503 766 459 742 435 722 436 704 461 
1 672 494 693 469 680 453 667 454 656 468 
1 615 508 644 464 622 439 606 439 582 468 
1 554 504 577 475 561 453 545 452 537 476 
1 494 519 528 471 504 438 484 441 462 470 
1 434 504 452 480 440 459 426 459 418 481 
1 366 528 401 478 377 449 353 449 332 479 
