1 236 775 216 811 236 841 245 841 260 807 
1 297 778 277 812 290 836 305 838 315 807 
1 351 773 334 812 350 832 362 832 376 808 
1 402 765 387 797 398 818 412 820 424 792 
1 458 757 444 795 457 814 474 814 483 792 
1 529 526 556 500 535 483 523 484 513 495 
1 588 523 606 501 592 479 578 480 569 505 
1 577 359 559 387 571 408 586 408 599 390 
1 522 364 507 402 519 413 534 411 548 396 
1 534 278 559 297 582 285 580 266 558 261 
1 528 171 556 186 564 180 565 167 556 152 
1 484 66 508 88 530 73 530 63 503 41 
1 555 38 541 72 554 83 560 83 577 67 
1 806 39 778 17 763 36 765 54 777 61 
1 813 91 788 72 770 93 770 104 793 122 
1 790 353 765 339 748 346 748 353 764 370 
1 849 540 816 527 796 537 796 545 822 558 
1 860 660 831 644 808 659 807 668 830 683 
1 885 750 867 732 851 752 853 758 870 765 
1 881 782 867 772 856 780 855 786 872 796 
1 884 808 870 798 855 806 854 812 870 819 
1 1213 32 1194 70 1209 90 1223 88 1243 68 
1 1034 77 1072 97 1090 82 1087 64 1065 55 
1 1043 131 1076 156 1094 138 1091 121 1072 108 
1 1044 210 1082 233 1100 216 1100 199 1074 185 
1 1054 311 1092 334 1115 312 1111 298 1084 282 
1 1066 409 1107 433 1124 411 1119 392 1093 381 
1 1073 485 1113 508 1129 488 1129 470 1105 461 
1 1084 545 1120 571 1136 547 1134 533 1112 523 
1 1083 607 1119 631 1141 612 1140 594 1115 584 
1 1097 662 1127 681 1145 670 1145 654 1124 639 
1 1105 722 1136 749 1149 733 1151 712 1126 704 
1 1109 784 1142 814 1160 794 1157 777 1134 761 
