1 811 620 809 575 791 561 776 568 775 592 
1 853 592 851 546 835 534 821 543 822 568 
1 881 348 857 353 855 375 864 384 886 372 
1 854 321 825 339 826 358 835 366 852 364 
1 819 335 853 317 852 290 841 284 822 292 
1 798 267 761 301 772 335 789 340 809 316 
1 756 236 717 262 717 289 728 297 757 285 
1 696 277 736 252 737 221 722 211 699 228 
1 677 192 643 211 643 239 653 246 681 235 
1 488 262 495 223 472 206 463 214 461 239 
1 396 260 442 237 441 205 423 195 397 211 
1 349 228 382 211 384 188 373 185 353 195 
1 303 202 337 185 341 159 328 153 302 168 
