1 96 813 116 783 103 763 95 762 83 784 
1 148 812 166 780 153 760 143 760 130 783 
1 198 811 223 773 202 744 188 744 178 772 
1 264 769 251 736 232 730 223 738 234 761 
1 376 617 354 650 372 673 381 673 397 650 
1 426 671 447 634 432 608 413 609 402 633 
1 453 604 437 645 448 672 460 672 481 651 
1 492 611 485 658 509 680 523 675 534 643 
1 547 652 565 626 550 600 540 600 530 628 
1 566 619 550 654 559 671 572 671 584 661 
1 595 631 580 645 591 665 599 665 613 653 
1 696 828 672 791 654 790 648 799 659 821 
1 681 868 656 839 636 838 631 848 639 873 
1 166 448 137 462 134 479 145 486 159 479 
1 134 414 94 437 94 465 109 473 131 461 
1 138 451 180 430 178 405 164 396 138 406 
