1 943 332 904 310 880 333 881 355 915 369 
1 869 285 832 265 813 285 813 301 846 317 
1 789 240 749 218 732 241 729 256 762 277 
1 1183 736 1233 744 1248 717 1239 703 1209 693 
1 836 757 816 715 789 720 780 739 792 763 
1 761 885 742 842 710 846 704 856 706 889 
1 588 761 580 793 597 810 612 803 624 782 
1 548 597 528 544 492 549 482 565 496 595 
1 507 658 488 613 454 610 444 626 458 658 
1 262 557 286 609 314 605 327 587 316 552 
1 191 684 200 723 226 727 240 709 229 681 
1 148 747 164 790 194 788 203 775 189 746 
1 89 576 73 535 45 538 37 551 44 582 
1 166 444 153 409 130 411 123 422 132 444 
1 272 389 308 379 308 351 288 341 268 354 
