1 546 47 529 70 542 84 551 84 563 68 
1 543 99 519 137 529 156 544 158 562 142 
1 525 215 554 189 534 164 518 164 502 185 
1 609 76 578 106 593 123 613 126 632 113 
1 601 137 569 171 583 192 607 199 629 181 
1 592 204 570 237 578 258 594 258 609 244 
1 587 260 565 289 576 306 592 308 603 294 
1 683 63 647 111 665 137 690 141 714 112 
1 680 151 645 196 658 221 680 222 705 203 
1 649 396 691 380 685 357 676 349 653 350 
1 922 366 922 397 939 399 949 391 951 369 
1 733 506 699 470 680 490 677 512 694 534 
1 694 472 697 434 677 425 666 431 656 451 
1 523 448 519 419 504 411 494 420 493 436 
1 538 483 512 442 486 455 478 475 494 502 
1 500 506 463 511 460 532 469 545 494 543 
1 459 477 465 449 441 441 431 447 430 475 
1 284 479 332 487 341 466 332 453 315 441 
1 472 267 488 316 515 320 528 304 524 278 
1 434 277 414 305 422 325 441 328 456 310 
1 438 220 417 251 427 270 443 270 456 251 
1 403 216 375 207 364 229 370 244 397 246 
1 382 147 422 151 430 129 422 116 401 113 
