1 470 62 415 25 395 53 396 89 420 104 
1 435 211 445 223 460 220 460 201 445 197 
1 255 316 266 339 284 329 284 313 273 298 
1 504 770 548 683 509 655 474 655 453 692 
1 377 580 419 535 403 505 375 504 347 529 
1 200 568 232 544 213 517 194 514 172 538 
1 216 619 257 653 285 635 290 612 263 591 
1 246 671 213 709 225 737 243 739 278 711 
1 177 664 145 702 157 729 179 733 200 705 
1 363 843 341 868 353 888 362 888 381 877 
1 114 862 133 838 127 818 116 817 98 834 
1 177 867 202 839 192 812 173 812 165 836 
1 238 866 264 838 253 815 231 814 217 836 
