1 806 670 780 708 794 732 813 731 830 710 
1 948 661 915 673 920 699 936 706 954 694 
1 993 681 980 720 998 737 1018 732 1026 705 
1 1053 661 1053 696 1075 706 1090 694 1091 668 
1 1094 565 1096 622 1124 629 1147 613 1147 580 
1 1065 534 1145 517 1148 471 1120 448 1079 455 
1 890 523 918 493 906 473 883 471 870 489 
1 887 263 857 314 883 340 905 341 926 312 
1 1020 268 1003 307 1016 322 1039 320 1049 300 
1 1064 256 1073 298 1098 298 1110 288 1103 255 
1 1085 167 1102 211 1129 207 1137 187 1123 166 
1 1100 103 1126 127 1143 117 1143 96 1123 82 
1 1057 105 1097 85 1095 57 1079 47 1047 57 
1 794 155 819 125 807 101 789 100 775 126 
