1 182 909 241 903 243 867 224 849 199 846 
1 533 493 572 488 572 464 563 457 540 459 
1 796 409 771 411 767 426 780 438 795 432 
1 757 248 727 253 719 276 728 285 750 280 
1 395 254 361 258 358 277 369 289 391 292 
1 351 210 316 212 316 231 325 242 345 243 
1 531 174 551 179 557 161 551 154 534 154 
1 515 122 485 122 481 144 488 151 510 151 
1 439 121 476 116 475 99 465 88 448 89 
1 539 29 506 35 507 49 515 59 533 65 
1 610 105 584 103 581 120 590 133 606 129 
1 618 166 644 168 647 149 638 138 620 141 
1 689 242 715 244 716 224 706 215 690 216 
1 725 95 745 98 749 81 742 74 728 74 
1 724 36 702 39 697 55 705 64 719 58 
