1 687 50 649 95 704 115 721 90 715 70 
1 703 316 653 359 712 385 735 358 732 337 
1 719 498 694 522 724 539 743 524 741 508 
1 724 584 699 607 729 625 744 610 743 595 
1 751 736 697 781 760 815 785 783 782 757 
1 465 162 495 180 468 203 451 193 450 178 
1 481 284 509 302 486 325 471 315 470 300 
1 482 366 516 385 488 408 469 398 468 384 
1 497 552 538 577 502 610 474 593 473 573 
1 495 654 543 680 502 713 476 701 474 676 
1 512 749 554 769 518 794 500 784 498 765 
1 520 835 559 857 525 886 502 875 500 853 
