1 598 40 602 105 636 113 658 94 657 57 
1 511 136 536 197 570 195 587 165 573 132 
1 922 18 888 68 905 99 934 98 957 71 
1 551 332 609 308 603 272 579 258 545 273 
1 871 441 934 410 920 370 895 357 855 375 
1 926 569 888 648 925 670 957 665 985 633 
1 691 594 640 660 667 702 699 703 732 666 
1 617 557 545 601 554 651 589 665 631 641 
1 497 529 466 552 477 574 497 579 516 562 
1 238 590 246 669 291 673 313 652 310 607 
1 1320 308 1301 334 1319 355 1334 353 1345 328 
1 262 317 258 279 233 276 219 290 224 319 
1 33 390 70 379 74 361 65 350 45 354 
1 78 503 78 460 51 448 34 461 35 491 
