1 859 55 853 23 872 17 883 22 887 42 
1 905 76 900 48 918 37 930 42 934 64 
1 957 105 950 77 969 66 983 72 985 93 
1 1099 224 1121 207 1140 215 1141 231 1123 242 
1 1071 275 1057 329 1089 343 1112 333 1121 302 
1 805 367 827 347 816 332 801 331 788 345 
1 756 493 783 495 792 478 781 465 761 465 
1 782 573 794 519 825 524 839 542 836 578 
1 947 757 974 737 996 748 997 762 978 778 
1 933 832 934 892 965 893 982 879 988 845 
1 753 717 693 719 686 755 699 772 738 774 
1 626 595 595 611 598 631 614 639 632 629 
