1 441 184 415 208 418 230 440 235 454 217 
1 632 218 584 263 601 296 633 302 656 274 
1 761 235 773 281 800 283 813 265 808 242 
1 894 226 923 258 949 249 953 227 934 206 
1 804 125 826 157 853 146 857 124 835 107 
1 815 67 838 38 864 48 867 70 846 90 
1 186 239 198 281 225 281 239 258 229 234 
1 125 370 155 401 181 390 184 366 165 349 
1 107 432 144 462 174 453 178 429 151 411 
1 230 781 263 754 250 732 229 727 208 745 
1 355 794 387 773 374 745 356 742 335 763 
1 643 865 698 856 707 817 685 795 646 810 
