1 555 86 526 58 506 73 504 94 524 110 
1 724 119 706 153 725 170 748 164 757 141 
1 842 124 813 149 826 174 849 176 864 155 
1 936 137 899 159 907 187 930 192 950 176 
1 985 357 977 311 947 306 931 322 938 350 
1 1192 321 1191 286 1164 275 1153 284 1156 315 
1 802 539 835 490 811 463 784 464 765 495 
1 879 538 913 514 900 491 876 487 860 506 
1 734 533 753 494 731 480 708 485 696 509 
1 538 752 534 705 505 699 488 715 494 743 
1 305 791 376 776 382 735 359 713 318 721 
1 682 760 687 808 720 814 736 797 729 767 
1 864 940 858 893 824 889 809 906 821 940 
1 1104 591 1122 670 1173 675 1193 652 1186 601 
1 1179 538 1190 585 1220 593 1238 575 1230 544 
1 1234 465 1245 542 1292 540 1312 517 1312 471 
