1 691 403 703 352 672 341 657 349 643 381 
1 793 382 780 345 802 335 819 340 828 359 
1 1022 150 993 146 983 166 991 180 1012 176 
1 1008 281 981 291 969 273 975 257 994 254 
1 676 466 650 417 618 434 611 454 626 483 
1 847 571 818 569 813 586 821 597 843 601 
1 674 701 660 673 639 677 634 690 644 707 
1 578 790 557 761 569 742 589 741 601 759 
1 511 883 474 825 441 840 431 863 450 895 
1 328 813 293 836 298 862 313 868 334 853 
1 991 329 978 303 961 309 956 322 965 339 
1 420 63 449 47 443 27 428 22 409 34 
