1 214 146 245 131 239 109 222 102 202 114 
1 280 172 314 153 305 131 288 124 266 136 
1 698 389 722 387 717 364 709 359 688 369 
1 804 390 834 388 837 366 831 359 811 362 
1 1320 357 1344 344 1341 320 1327 315 1310 331 
1 806 439 819 461 838 454 841 438 827 424 
1 826 495 835 521 856 516 861 503 850 485 
1 737 509 739 480 714 476 705 486 710 512 
1 648 530 677 507 667 483 649 480 632 499 
1 580 498 618 485 615 457 596 447 573 461 
1 700 697 665 747 686 777 714 776 735 748 
1 376 718 379 782 415 792 438 773 434 737 
1 289 817 315 875 350 871 366 848 353 814 
1 733 155 730 173 746 181 753 175 750 160 
