1 766 300 740 333 756 351 775 350 789 329 
1 863 296 840 333 854 357 874 357 887 332 
1 937 314 925 323 933 333 941 333 950 324 
1 985 298 966 329 976 348 994 347 1003 329 
1 1084 293 1063 326 1076 343 1094 341 1107 324 
1 1254 282 1229 319 1243 338 1267 337 1279 317 
1 312 461 362 495 390 473 388 447 360 426 
1 200 610 170 590 148 600 149 622 170 630 
1 572 540 540 518 520 533 520 551 540 562 
1 569 592 541 574 521 583 520 606 542 615 
1 602 486 634 468 649 478 649 495 634 507 
1 606 540 631 521 650 529 651 546 632 560 
1 629 644 641 660 651 652 652 634 639 627 
1 796 592 816 564 803 542 786 543 774 564 
1 901 598 934 546 912 520 886 521 867 549 
1 1005 595 1039 544 1014 517 989 518 969 546 
1 1321 593 1363 533 1332 498 1305 500 1274 534 
