1 295 75 286 49 301 43 311 47 319 62 
1 595 227 586 194 607 178 621 182 629 207 
1 463 278 443 286 448 301 456 304 469 299 
1 564 318 529 337 535 357 554 365 572 355 
1 660 353 629 374 634 394 649 400 666 389 
1 822 430 797 442 801 460 817 467 833 457 
1 1127 692 1114 667 1098 676 1093 689 1101 704 
1 122 548 114 513 132 498 149 502 151 526 
1 190 572 180 548 194 536 208 540 210 556 
1 377 650 369 617 387 601 403 606 408 632 
1 453 681 444 646 462 632 479 638 478 660 
1 518 709 508 672 527 660 546 665 549 689 
