1 201 22 177 52 194 64 212 63 227 49 
1 286 41 270 68 282 80 295 78 303 62 
1 350 169 360 153 351 145 343 146 336 157 
1 303 198 290 227 301 242 314 241 323 222 
1 478 167 501 135 484 124 466 125 450 143 
1 800 128 817 99 803 85 788 87 779 105 
1 849 119 867 96 852 83 837 85 828 100 
1 538 314 523 342 535 353 550 351 558 337 
1 582 307 567 338 578 348 593 347 603 332 
1 826 278 808 306 823 315 837 313 847 300 
1 869 276 860 290 867 298 875 297 881 285 
1 957 263 940 291 954 303 969 301 977 287 
1 1030 150 1019 171 1028 183 1039 181 1044 167 
1 431 522 416 504 422 491 433 491 442 502 
1 561 507 572 484 563 476 551 477 546 488 
1 935 464 954 431 938 418 922 420 910 435 
