1 242 205 269 180 294 185 298 201 275 220 
1 254 268 289 236 313 245 317 264 298 283 
1 265 329 295 299 318 309 321 325 303 345 
1 276 393 303 365 322 372 326 390 309 407 
1 288 473 313 445 334 450 338 468 320 484 
1 297 537 330 508 353 516 356 534 336 549 
1 294 622 336 604 351 624 344 649 321 658 
1 357 640 394 624 408 643 403 661 382 674 
1 501 427 470 414 451 430 454 443 477 451 
1 530 479 484 461 464 481 467 503 496 512 
1 562 555 520 534 501 557 505 577 532 589 
1 577 631 539 612 525 632 528 651 549 664 
1 499 747 516 705 495 691 475 695 465 717 
1 452 786 417 755 435 733 453 730 476 748 
