1 278 172 261 215 285 238 303 236 313 205 
1 377 135 337 192 362 224 395 223 419 190 
1 620 132 582 189 606 219 637 218 658 186 
1 304 528 252 464 284 426 323 425 354 462 
1 418 516 396 420 443 399 480 412 499 459 
1 561 496 589 419 638 429 653 458 639 505 
1 564 601 627 547 662 581 662 615 629 648 
1 767 480 739 512 756 531 781 532 795 512 
1 907 346 894 396 919 419 943 411 948 380 
1 345 681 296 750 330 783 367 783 396 747 
1 467 710 434 786 475 816 509 807 531 765 
1 562 700 607 783 655 770 675 736 658 691 
