1 78 194 26 259 57 291 88 292 117 262 
1 287 214 260 242 273 262 295 263 310 243 
1 395 212 352 260 379 288 404 288 429 257 
1 500 213 455 265 486 293 508 293 535 265 
1 607 220 571 264 594 291 617 292 640 267 
1 714 218 665 281 695 317 728 319 755 281 
1 926 237 900 268 915 287 935 288 953 268 
1 1032 242 1008 265 1022 286 1042 286 1057 266 
1 194 452 172 480 184 495 201 496 211 480 
1 292 458 263 485 283 500 298 500 314 487 
1 387 462 359 491 374 514 395 514 410 490 
1 483 463 463 491 473 505 491 506 500 490 
1 682 475 662 503 673 515 689 517 701 503 
1 780 473 762 498 774 513 788 514 798 498 
1 878 478 862 499 871 514 885 515 894 499 
1 976 478 958 504 968 518 984 518 994 505 
