1 69 343 54 358 63 367 73 367 81 358 
1 300 326 284 347 293 360 307 360 315 347 
1 447 291 416 333 436 357 460 357 478 330 
1 505 310 485 352 500 372 517 371 530 350 
1 565 284 531 339 552 354 582 353 598 335 
1 680 283 636 352 669 379 700 379 728 348 
1 734 290 712 307 726 325 745 325 758 306 
1 781 288 772 294 779 303 784 303 792 296 
1 798 280 755 345 785 378 817 376 842 344 
1 857 312 835 327 851 344 864 345 880 327 
1 915 279 883 321 905 352 927 350 946 321 
1 1320 351 1355 402 1331 427 1305 428 1282 401 
1 110 635 63 576 92 541 122 539 148 574 
1 214 633 164 573 195 539 225 538 253 569 
1 319 630 272 567 298 535 332 532 360 563 
1 424 628 387 576 405 556 438 555 455 574 
1 473 607 455 591 467 574 481 573 493 589 
1 517 578 495 561 508 541 526 539 538 561 
1 526 625 503 612 515 593 535 592 547 610 
1 565 600 589 562 573 543 555 544 541 566 
1 596 625 619 591 604 568 586 568 572 591 
1 633 612 664 562 647 541 614 541 598 563 
1 737 617 782 550 752 519 718 520 689 552 
1 841 616 884 546 855 515 821 516 797 549 
1 946 590 978 545 955 524 928 526 911 550 
1 832 786 866 718 835 687 800 690 777 726 
