1 118 279 142 238 120 221 100 224 84 247 
1 205 262 228 223 208 204 186 208 171 229 
1 341 230 358 208 346 190 331 190 323 210 
1 487 215 505 196 490 182 477 183 467 201 
1 631 207 655 168 636 149 612 150 598 175 
1 903 156 929 159 934 141 928 133 911 133 
1 908 207 942 227 960 212 957 191 936 179 
1 912 278 913 300 927 303 935 296 933 283 
1 632 308 608 351 629 370 647 367 662 344 
1 352 365 337 389 349 402 362 399 369 384 
1 278 359 265 385 275 400 288 398 294 382 
1 192 359 166 411 189 428 210 425 227 399 
1 193 811 150 769 170 743 200 738 227 759 
1 721 739 684 701 704 676 723 673 746 692 
1 800 728 766 693 783 670 802 667 821 689 
1 1097 773 1077 809 1095 824 1111 820 1123 803 
