1 67 184 82 139 56 118 34 126 26 158 
1 134 164 145 121 118 99 100 105 93 139 
1 200 145 216 100 188 80 166 87 160 117 
1 155 387 177 363 200 367 205 382 185 398 
1 144 500 108 487 100 507 107 523 123 532 
1 198 521 210 501 227 504 232 519 220 532 
1 192 631 157 617 149 636 157 653 172 662 
1 396 396 362 385 354 401 359 419 375 422 
1 618 253 589 243 578 262 581 275 601 282 
1 636 344 610 334 597 347 602 361 618 366 
1 258 720 281 694 303 696 307 713 290 728 
1 1096 766 1048 750 1032 779 1039 798 1067 807 
