1 299 504 335 473 355 491 356 513 337 532 
1 666 373 650 401 664 414 676 413 684 399 
1 746 363 726 398 743 414 761 411 773 393 
1 806 363 792 388 805 400 817 399 826 383 
1 867 348 838 393 861 413 880 411 899 389 
1 1108 330 1082 367 1106 388 1122 385 1137 362 
1 764 183 787 166 801 173 802 186 787 194 
1 136 643 104 606 124 587 137 585 161 600 
1 211 639 179 603 200 583 213 582 232 599 
1 282 632 249 596 267 574 287 572 305 590 
1 456 616 424 581 447 559 463 557 482 577 
1 617 603 588 573 604 550 625 547 641 567 
1 762 590 731 557 751 538 768 536 786 553 
1 905 572 887 552 898 537 909 536 922 550 
1 978 563 953 535 969 516 983 515 996 530 
1 1048 553 1034 540 1042 525 1052 525 1061 536 
1 1137 547 1120 532 1132 519 1140 518 1151 530 
1 1194 535 1183 510 1197 500 1208 503 1217 518 
1 818 724 802 748 815 765 828 764 836 747 
1 936 706 920 724 934 736 946 734 955 722 
1 1055 695 1037 717 1053 730 1064 729 1073 715 
1 1115 688 1098 712 1114 725 1124 724 1135 710 
1 1190 685 1172 703 1189 717 1199 716 1208 701 
1 114 776 97 800 113 810 123 810 133 798 
1 197 81 214 64 232 71 234 82 218 92 
