1 797 146 747 204 775 239 805 240 835 208 
1 1098 217 1073 178 1092 150 1113 152 1128 180 
1 268 390 302 366 326 383 325 400 300 416 
1 264 453 300 428 322 444 322 464 298 482 
1 265 595 290 556 316 568 322 584 307 609 
1 288 650 321 613 344 626 349 645 331 666 
1 378 759 364 722 383 707 407 713 413 738 
1 457 755 436 723 452 698 472 699 484 723 
1 610 781 589 743 604 717 624 719 637 745 
1 719 769 694 733 713 709 730 711 746 738 
1 822 758 808 723 830 709 850 716 857 740 
1 862 862 893 832 917 844 919 860 900 880 
