1 1085 95 1114 63 1138 76 1141 95 1122 112 
1 1082 222 1121 209 1129 233 1121 252 1097 259 
1 958 232 928 270 943 299 966 300 983 272 
1 850 217 803 272 832 307 861 308 889 275 
1 713 208 688 278 726 300 760 287 776 250 
1 592 282 601 351 644 351 665 330 667 287 
1 564 471 641 423 676 458 675 492 635 520 
1 583 772 600 698 644 701 664 724 655 769 
1 700 854 677 780 720 756 748 765 765 811 
1 836 854 793 793 827 764 856 764 884 799 
1 928 858 905 784 946 761 974 768 989 817 
1 1024 847 1028 803 1053 795 1070 806 1072 837 
1 1042 892 1064 857 1092 867 1098 883 1079 906 
