1 508 286 547 250 571 265 575 285 558 311 
1 864 343 840 351 838 366 851 374 866 368 
1 995 402 970 415 970 433 982 439 997 429 
1 1045 509 1006 480 978 497 979 517 1003 539 
1 1031 589 1000 558 974 571 972 584 989 612 
1 987 770 937 750 918 779 923 801 953 814 
1 1067 781 1036 816 1051 839 1071 841 1093 821 
1 1113 786 1112 817 1128 826 1138 821 1139 803 
1 1120 727 1134 774 1163 776 1176 758 1174 730 
1 1138 683 1163 673 1178 682 1177 697 1161 702 
1 1138 608 1188 586 1211 610 1206 634 1177 646 
1 1147 528 1190 511 1206 535 1201 554 1175 565 
1 1230 444 1210 483 1230 499 1247 495 1261 470 
